# int__atai50_15_09  50 jobs  15 machines
50 15
10 4 0 6 2 3 12 1 5 11 8 7 14 13 9
14 5 2 6 3 7 9 8 0 1 13 10 12 11 4
11 14 2 5 7 13 12 0 3 9 10 4 6 1 8
6 3 4 9 2 0 12 7 5 11 10 13 1 8 14
1 10 0 9 5 4 7 12 11 3 13 14 6 8 2
2 0 8 4 12 9 6 14 13 5 3 1 7 10 11
0 11 2 13 8 4 10 12 14 7 1 6 3 5 9
3 2 4 10 6 12 5 13 8 9 14 11 0 1 7
12 10 1 4 7 9 6 2 3 11 14 5 13 0 8
12 5 14 7 10 9 6 4 3 8 11 2 13 0 1
10 5 14 3 2 13 7 4 9 12 11 6 8 0 1
5 0 14 10 9 6 11 12 8 2 1 13 7 3 4
1 12 3 5 0 8 11 9 2 4 13 14 7 6 10
8 11 10 6 5 0 4 1 14 7 12 2 3 13 9
6 7 1 2 10 14 12 8 9 0 13 4 3 5 11
1 8 10 4 6 7 13 14 12 5 3 0 2 9 11
1 0 8 3 12 2 6 4 14 11 10 13 7 9 5
2 7 14 4 9 10 3 5 6 13 12 11 8 1 0
6 4 1 12 0 14 3 8 2 7 13 10 11 5 9
8 0 14 3 7 6 1 13 5 11 12 2 9 4 10
11 13 7 14 1 12 4 5 3 9 8 10 0 2 6
12 4 1 13 6 0 5 8 3 10 11 14 7 2 9
2 9 10 7 11 4 8 0 5 3 6 12 13 14 1
5 9 3 1 2 12 0 7 14 4 10 11 6 13 8
5 12 4 11 9 14 8 1 3 2 10 0 7 6 13
14 10 2 3 0 9 11 12 7 6 1 5 13 8 4
14 2 9 1 7 5 8 3 4 12 0 6 11 13 10
8 14 11 7 6 9 12 10 0 4 1 5 3 13 2
2 12 4 13 14 6 9 3 5 1 0 8 7 11 10
13 3 1 6 10 11 9 14 0 7 5 12 4 2 8
3 1 11 6 12 7 10 14 5 13 8 0 2 4 9
0 2 4 13 5 10 3 11 7 1 14 9 12 6 8
9 10 12 5 6 14 2 0 7 3 4 1 13 11 8
4 8 0 11 2 9 7 12 1 10 3 5 13 14 6
2 14 1 11 0 6 4 3 10 5 12 7 9 8 13
2 6 9 4 1 0 14 7 3 8 13 10 5 12 11
7 3 8 13 9 10 11 4 5 1 14 2 6 12 0
9 7 3 6 4 8 1 11 14 13 12 5 0 2 10
2 10 0 5 1 3 14 4 12 13 8 7 6 11 9
4 14 13 0 5 2 10 7 9 1 11 12 3 8 6
14 3 1 13 5 6 8 4 0 9 2 10 12 7 11
1 9 5 12 7 0 11 3 14 6 10 2 4 8 13
2 10 1 11 6 13 12 7 3 8 5 14 9 4 0
7 12 14 11 9 1 5 13 3 8 4 6 2 10 0
4 0 2 5 11 13 10 14 6 8 9 7 3 12 1
9 7 6 10 13 1 8 5 11 14 12 0 3 4 2
7 5 9 14 4 2 1 0 12 13 6 10 8 11 3
11 1 0 4 9 2 3 10 5 6 13 14 12 8 7
7 8 4 14 5 2 10 0 12 6 13 9 11 1 3
11 6 9 13 7 2 0 3 12 4 14 5 10 1 8
(44,47) (43,50) (24,28) (94,123) (86,95) (20,22) (27,31) (17,18) (16,16) (84,96) (62,77) (9,10) (48,60) (53,63) (22,24)
(9,10) (38,41) (57,59) (16,17) (95,100) (58,62) (77,97) (49,58) (10,12) (30,38) (48,57) (62,79) (47,51) (62,63) (50,62)
(52,60) (44,49) (93,101) (45,55) (16,17) (16,19) (70,76) (49,63) (32,37) (87,99) (17,19) (83,98) (83,98) (30,34) (49,57)
(3,3) (94,116) (89,106) (2,2) (49,53) (89,111) (74,80) (5,5) (30,36) (10,12) (22,25) (75,80) (49,60) (43,51) (28,32)
(5,6) (53,66) (55,59) (14,16) (89,111) (8,8) (51,57) (75,77) (58,68) (15,16) (38,40) (38,49) (54,62) (56,60) (50,59)
(30,34) (2,2) (54,59) (63,68) (54,61) (95,106) (6,6) (35,38) (29,34) (56,57) (82,100) (69,77) (52,58) (74,86) (88,104)
(39,48) (7,7) (31,36) (71,84) (87,97) (64,71) (75,77) (51,59) (44,49) (27,27) (82,93) (48,55) (70,75) (21,26) (52,59)
(82,86) (18,18) (85,90) (88,91) (90,103) (61,67) (33,38) (93,99) (83,101) (60,62) (32,37) (47,48) (22,26) (77,101) (61,62)
(32,34) (11,13) (17,19) (54,56) (92,103) (65,70) (71,85) (61,69) (15,15) (65,74) (33,37) (36,43) (64,77) (43,51) (31,37)
(75,96) (22,26) (49,56) (57,68) (9,10) (54,66) (83,104) (85,106) (80,93) (53,62) (84,95) (89,103) (77,99) (72,85) (5,5)
(52,57) (52,64) (52,55) (57,67) (47,61) (66,72) (55,59) (9,10) (22,23) (56,71) (87,102) (80,96) (10,10) (83,90) (52,63)
(72,79) (84,103) (28,33) (56,60) (58,61) (96,100) (39,50) (83,88) (27,30) (30,31) (76,97) (67,75) (63,79) (85,99) (74,90)
(69,72) (59,75) (32,39) (54,59) (80,85) (9,11) (86,96) (19,19) (49,58) (66,73) (4,5) (24,29) (39,42) (48,59) (77,82)
(36,38) (22,26) (35,39) (39,45) (55,56) (68,70) (79,81) (48,59) (43,47) (65,76) (86,108) (57,63) (1,1) (57,65) (28,34)
(43,52) (75,83) (42,47) (59,69) (49,62) (3,3) (25,31) (40,46) (65,81) (52,54) (8,10) (32,36) (39,40) (37,49) (48,58)
(64,68) (29,36) (49,50) (14,17) (63,70) (34,42) (35,42) (65,69) (15,17) (43,53) (36,38) (79,85) (5,6) (2,2) (60,77)
(52,60) (7,8) (34,42) (51,57) (41,48) (82,93) (9,11) (63,70) (90,115) (64,65) (14,16) (1,1) (6,7) (94,99) (81,95)
(11,13) (3,3) (32,37) (60,64) (68,77) (6,7) (3,3) (34,41) (54,70) (75,93) (37,39) (27,35) (77,82) (7,7) (17,17)
(39,47) (54,57) (20,22) (11,13) (56,68) (8,9) (37,44) (19,19) (25,28) (55,57) (38,41) (90,93) (30,30) (91,112) (39,42)
(33,35) (18,19) (95,105) (27,31) (2,2) (40,42) (34,40) (6,7) (69,77) (4,4) (91,107) (59,71) (7,7) (85,100) (70,74)
(38,41) (46,60) (26,27) (26,31) (22,25) (78,96) (35,39) (65,75) (22,26) (81,100) (68,77) (35,39) (42,46) (78,86) (58,64)
(15,16) (22,23) (90,106) (83,98) (9,10) (38,40) (96,99) (24,30) (61,76) (45,54) (94,97) (36,45) (36,46) (44,51) (89,96)
(23,28) (19,24) (45,51) (88,92) (44,52) (64,74) (6,6) (69,73) (79,99) (76,94) (5,5) (68,86) (81,97) (68,86) (69,78)
(35,37) (89,93) (22,26) (12,16) (78,86) (43,49) (94,115) (78,98) (42,51) (42,52) (83,87) (55,59) (59,68) (18,20) (91,94)
(59,66) (66,75) (83,85) (35,41) (91,114) (59,76) (90,117) (87,93) (1,1) (47,55) (35,42) (34,43) (27,28) (35,39) (39,49)
(59,65) (34,37) (60,76) (15,18) (8,10) (18,19) (20,22) (28,32) (71,78) (62,72) (79,96) (15,19) (39,47) (91,100) (41,44)
(12,12) (13,17) (51,58) (19,24) (99,122) (29,33) (47,53) (9,11) (51,56) (12,15) (58,74) (50,52) (77,94) (77,88) (9,11)
(61,62) (61,62) (31,34) (61,65) (72,79) (3,3) (1,1) (18,20) (78,99) (38,45) (15,18) (23,27) (7,7) (82,88) (4,5)
(12,13) (72,87) (92,113) (63,75) (50,56) (59,62) (85,100) (66,74) (26,27) (25,26) (82,101) (11,13) (82,97) (88,99) (72,75)
(56,68) (56,68) (46,53) (94,103) (53,58) (3,3) (29,31) (32,39) (24,27) (90,92) (48,52) (65,78) (38,43) (19,23) (57,62)
(12,13) (53,59) (70,75) (32,39) (22,28) (75,84) (67,79) (93,109) (63,74) (45,49) (42,51) (81,100) (1,1) (75,80) (97,106)
(22,24) (95,110) (28,32) (8,8) (58,70) (61,74) (85,94) (80,87) (21,26) (42,52) (82,86) (97,121) (9,11) (11,13) (79,97)
(2,2) (20,20) (47,58) (31,36) (48,58) (17,20) (68,79) (77,95) (24,30) (76,86) (31,36) (19,22) (82,90) (57,74) (64,81)
(12,12) (44,50) (78,98) (28,32) (40,47) (87,93) (56,63) (65,71) (76,80) (97,99) (15,20) (60,63) (62,71) (25,28) (49,57)
(40,45) (32,37) (76,86) (76,77) (71,79) (3,3) (54,66) (31,32) (19,21) (77,85) (57,68) (61,75) (69,80) (67,80) (89,94)
(95,107) (12,14) (71,87) (16,19) (6,7) (23,26) (85,100) (71,87) (37,43) (32,40) (95,99) (14,17) (80,95) (82,99) (93,99)
(84,101) (45,57) (17,17) (38,38) (11,12) (32,38) (48,61) (9,10) (51,61) (26,31) (95,102) (17,18) (40,46) (28,29) (7,8)
(1,1) (13,15) (33,39) (47,54) (11,12) (78,80) (8,8) (8,9) (67,75) (37,42) (69,86) (70,71) (30,39) (80,100) (82,93)
(93,116) (33,37) (6,6) (96,101) (4,5) (29,31) (24,28) (80,96) (52,64) (16,20) (50,53) (52,61) (23,27) (56,70) (60,64)
(67,71) (73,90) (86,109) (81,88) (38,40) (80,91) (35,36) (58,63) (63,75) (4,5) (61,70) (8,10) (30,36) (51,63) (72,90)
(42,52) (17,19) (26,29) (73,74) (32,40) (38,46) (43,55) (68,81) (16,19) (94,114) (85,93) (29,34) (44,53) (25,28) (7,7)
(44,49) (15,19) (96,96) (67,78) (46,54) (29,30) (76,96) (86,103) (83,95) (47,52) (75,85) (14,15) (41,46) (82,82) (25,28)
(1,1) (62,75) (44,54) (3,4) (7,8) (14,16) (22,25) (70,74) (19,20) (85,98) (53,62) (12,14) (48,50) (10,11) (35,36)
(70,84) (3,3) (60,62) (32,39) (57,68) (69,78) (33,35) (32,40) (68,70) (34,42) (85,108) (1,1) (3,3) (94,113) (87,105)
(81,99) (48,52) (72,85) (16,19) (86,97) (32,33) (2,2) (21,26) (21,26) (71,73) (15,18) (8,9) (61,66) (68,72) (81,98)
(55,67) (22,27) (41,50) (2,2) (10,12) (37,44) (45,55) (87,103) (31,38) (27,33) (45,54) (82,88) (82,96) (78,91) (38,43)
(38,43) (14,14) (63,67) (85,109) (33,40) (33,37) (36,40) (74,94) (83,89) (27,32) (45,51) (91,115) (74,91) (68,74) (9,11)
(24,26) (80,86) (15,16) (57,73) (81,96) (51,56) (28,34) (69,80) (48,55) (89,96) (23,26) (94,104) (2,2) (17,17) (85,88)
(11,12) (7,7) (70,70) (19,23) (12,13) (22,25) (91,104) (2,2) (53,58) (92,97) (74,87) (88,94) (38,49) (31,34) (73,81)
(28,30) (58,61) (26,32) (56,68) (77,83) (64,80) (63,66) (22,24) (27,33) (20,24) (5,6) (42,50) (78,94) (9,10) (82,92)
