# int__atai30_20_09  30 jobs  20 machines
30 20
8 10 5 13 11 17 19 18 9 15 3 16 0 12 7 2 1 14 6 4
14 18 1 2 13 9 16 6 19 17 7 8 3 10 0 11 15 5 12 4
9 6 13 10 5 15 2 8 19 1 4 18 11 7 16 12 0 3 14 17
14 3 10 16 18 1 17 0 6 8 2 11 19 5 7 15 12 9 4 13
5 16 11 9 17 10 18 15 0 19 6 4 13 2 1 14 3 12 7 8
7 9 1 2 4 6 10 18 17 8 5 0 19 15 14 13 11 12 3 16
0 12 1 14 18 6 8 17 10 2 19 5 16 11 7 13 9 3 15 4
16 14 18 11 1 10 5 9 7 2 12 15 17 8 0 4 19 3 6 13
10 19 18 15 8 0 2 9 13 3 6 7 12 11 1 4 5 16 14 17
9 14 10 19 8 12 7 6 18 2 11 0 13 15 16 1 17 4 3 5
3 4 18 15 6 2 16 7 5 12 9 17 0 8 1 10 14 11 19 13
2 4 1 15 16 3 17 6 11 12 7 18 8 13 0 14 19 10 9 5
16 19 10 9 14 12 18 2 17 15 6 7 5 11 1 0 4 3 8 13
12 3 17 4 8 9 2 11 13 5 18 10 6 7 1 15 16 14 0 19
7 0 18 19 15 2 9 1 10 6 3 11 13 12 8 4 16 17 5 14
1 19 14 7 17 0 13 11 16 12 10 9 6 3 18 8 15 5 4 2
10 17 9 16 18 4 2 11 5 15 8 3 7 0 12 6 14 19 13 1
12 11 7 9 19 16 17 6 15 13 10 4 1 8 5 0 2 3 14 18
15 17 10 4 14 1 3 18 8 16 6 2 0 7 11 12 5 13 19 9
0 11 17 10 15 5 12 9 6 3 4 1 7 14 16 2 8 13 18 19
13 6 4 8 18 12 0 5 3 9 1 14 11 16 2 15 7 19 17 10
8 6 14 12 0 9 10 2 18 19 13 5 17 1 11 7 4 15 3 16
12 16 8 4 19 9 13 6 3 2 10 5 14 11 15 1 17 18 0 7
10 18 8 15 6 7 2 0 11 5 17 12 14 9 13 3 4 1 19 16
6 16 4 15 0 12 7 10 5 13 17 3 14 18 1 19 8 2 9 11
13 19 0 5 14 8 10 17 15 12 18 3 16 11 6 1 7 2 9 4
16 18 11 15 17 4 9 1 10 5 13 3 8 0 14 2 19 12 7 6
7 0 18 16 6 13 17 5 14 11 9 19 3 12 4 8 10 15 1 2
17 16 9 1 0 15 11 5 3 18 12 14 13 2 7 19 10 8 4 6
7 1 16 17 3 13 0 19 6 10 9 8 15 18 5 2 11 14 12 4
(17,18) (41,47) (3,4) (75,95) (53,65) (62,71) (13,17) (13,14) (75,94) (22,26) (25,30) (51,64) (36,41) (64,79) (25,28) (56,63) (14,15) (41,49) (68,85) (83,97)
(54,60) (91,94) (81,98) (19,23) (93,110) (3,4) (59,65) (79,99) (40,42) (81,84) (66,83) (53,62) (25,29) (23,24) (71,89) (46,52) (35,37) (95,103) (9,9) (83,101)
(2,2) (62,62) (34,41) (85,103) (37,43) (77,85) (4,4) (78,85) (61,65) (34,43) (38,43) (26,26) (24,28) (17,20) (8,9) (87,90) (38,40) (25,28) (88,104) (46,50)
(49,62) (29,35) (76,79) (27,29) (24,29) (13,14) (3,4) (22,27) (17,18) (22,24) (43,50) (13,14) (69,84) (51,52) (55,57) (55,65) (80,86) (15,19) (48,59) (61,76)
(69,78) (79,89) (4,4) (7,8) (83,97) (29,36) (73,93) (45,58) (92,100) (11,13) (75,89) (63,67) (57,66) (63,76) (4,4) (32,38) (46,56) (75,91) (8,9) (20,20)
(31,37) (80,97) (44,45) (13,17) (10,12) (58,72) (95,115) (92,100) (58,64) (84,109) (64,81) (78,89) (97,104) (43,54) (46,50) (26,34) (46,50) (31,35) (13,16) (50,62)
(32,32) (51,62) (32,38) (67,71) (57,68) (40,50) (93,115) (63,72) (88,109) (7,8) (18,23) (79,92) (93,114) (56,59) (42,51) (46,48) (32,35) (59,72) (52,65) (14,16)
(5,6) (43,47) (93,116) (20,22) (35,39) (73,88) (89,105) (30,31) (67,70) (4,5) (99,110) (67,86) (18,21) (1,1) (73,85) (43,48) (35,41) (35,37) (52,56) (93,103)
(57,71) (52,64) (40,44) (43,46) (78,90) (18,22) (53,57) (88,112) (1,1) (73,90) (15,20) (55,59) (71,85) (92,113) (86,98) (82,96) (56,63) (42,47) (79,80) (8,8)
(77,89) (56,68) (23,25) (59,71) (86,90) (47,50) (32,40) (11,12) (92,108) (71,75) (40,44) (85,89) (29,33) (55,70) (97,98) (25,30) (25,31) (5,5) (60,75) (44,45)
(92,118) (61,64) (51,64) (68,75) (43,53) (46,51) (49,59) (57,63) (36,46) (22,26) (92,109) (18,22) (78,82) (79,97) (9,9) (66,78) (31,35) (17,18) (37,41) (56,67)
(60,63) (71,82) (78,95) (24,31) (72,92) (5,5) (74,85) (26,28) (67,76) (18,19) (21,21) (20,22) (16,18) (38,45) (15,16) (63,69) (94,120) (69,85) (53,66) (31,32)
(45,49) (93,115) (33,36) (23,28) (30,36) (57,60) (56,71) (8,8) (85,93) (54,65) (69,84) (49,52) (93,114) (42,51) (34,43) (59,66) (14,15) (30,31) (81,93) (77,90)
(95,102) (7,7) (59,66) (86,105) (54,61) (35,38) (4,5) (2,2) (23,23) (45,49) (70,84) (69,83) (97,103) (78,87) (60,69) (15,17) (79,80) (76,90) (15,17) (75,92)
(50,66) (66,73) (42,48) (58,72) (6,7) (58,60) (29,34) (57,65) (60,69) (59,67) (80,103) (14,16) (75,93) (87,99) (38,47) (87,92) (20,23) (23,26) (77,96) (63,74)
(72,87) (36,43) (15,16) (46,58) (35,43) (90,94) (99,124) (36,37) (79,94) (27,29) (66,73) (19,24) (6,6) (56,66) (78,84) (97,112) (73,95) (11,13) (6,7) (90,103)
(72,88) (43,55) (91,112) (9,9) (58,71) (16,20) (26,32) (19,19) (19,23) (69,79) (80,94) (24,27) (30,37) (51,57) (81,91) (41,50) (10,12) (82,88) (83,94) (26,29)
(29,32) (5,5) (54,57) (3,3) (62,70) (47,55) (58,68) (43,55) (61,70) (39,44) (10,12) (16,17) (42,52) (46,48) (65,78) (33,38) (1,1) (14,18) (78,85) (66,82)
(97,109) (89,92) (43,50) (11,12) (12,14) (48,52) (42,51) (95,122) (15,18) (78,93) (97,112) (48,55) (19,20) (90,90) (20,22) (19,22) (12,13) (78,85) (31,39) (38,48)
(19,23) (4,4) (62,73) (98,121) (55,57) (59,67) (44,51) (91,111) (30,38) (43,52) (61,66) (92,102) (54,57) (56,72) (43,48) (84,105) (1,1) (65,74) (72,79) (63,67)
(15,18) (70,88) (38,39) (31,35) (31,32) (79,80) (53,64) (37,45) (49,60) (48,54) (56,66) (94,110) (94,113) (9,11) (62,78) (32,38) (19,21) (52,56) (7,8) (10,11)
(53,65) (19,20) (65,73) (98,113) (76,84) (12,14) (81,90) (95,104) (46,54) (54,58) (39,51) (8,9) (90,110) (10,11) (74,79) (71,77) (81,103) (32,35) (76,94) (83,100)
(93,115) (9,10) (42,47) (52,62) (66,77) (78,93) (44,49) (91,100) (30,34) (39,40) (12,15) (57,73) (94,103) (57,65) (67,82) (43,47) (16,19) (54,55) (6,7) (83,87)
(94,122) (29,36) (72,85) (38,43) (81,87) (72,77) (68,85) (28,30) (84,101) (3,4) (88,110) (12,15) (1,1) (46,54) (30,34) (28,33) (80,93) (10,11) (18,19) (94,103)
(20,21) (46,53) (2,2) (60,68) (56,67) (25,29) (24,26) (79,94) (68,86) (43,55) (7,8) (29,34) (61,69) (55,59) (67,81) (53,57) (1,1) (25,28) (5,6) (13,14)
(41,49) (6,6) (7,8) (80,84) (90,112) (12,14) (54,65) (12,12) (38,44) (30,35) (67,69) (36,43) (19,23) (45,56) (68,85) (71,87) (94,95) (65,68) (98,114) (55,63)
(56,64) (53,65) (45,47) (14,17) (58,63) (63,79) (19,20) (13,16) (48,56) (56,59) (53,63) (52,67) (48,54) (30,40) (39,41) (45,50) (68,85) (96,121) (50,61) (63,72)
(53,54) (32,38) (2,2) (85,100) (16,19) (93,103) (45,57) (81,93) (61,70) (64,81) (44,46) (80,88) (34,37) (21,26) (24,25) (67,77) (61,76) (14,15) (73,81) (66,79)
(24,27) (79,87) (84,99) (50,57) (58,74) (60,78) (85,107) (5,6) (11,14) (27,33) (8,9) (32,32) (16,18) (47,54) (19,20) (41,51) (56,71) (13,14) (82,100) (37,43)
(61,64) (19,20) (30,38) (13,15) (50,60) (93,115) (71,86) (73,80) (13,13) (40,46) (17,21) (24,29) (81,103) (33,39) (21,24) (90,101) (47,58) (57,68) (4,4) (77,95)
