# int__atai50_20_06  50 jobs  20 machines
50 20
10 5 2 17 14 19 1 4 8 16 11 3 0 6 7 12 13 18 15 9
5 13 4 3 19 18 16 2 0 10 11 7 1 15 12 14 9 8 17 6
10 15 19 9 16 12 7 17 8 1 18 13 6 5 4 0 14 11 2 3
12 10 8 4 15 18 11 16 6 9 0 1 19 5 3 17 2 14 7 13
5 15 6 7 3 17 9 11 1 18 12 13 4 19 0 10 14 8 2 16
17 9 8 14 10 16 13 12 11 15 2 3 5 0 1 4 6 7 18 19
15 19 18 12 2 3 5 0 14 4 8 1 7 17 10 9 11 13 16 6
6 5 16 4 13 1 9 7 14 11 0 3 2 10 18 15 19 17 8 12
17 1 3 6 0 9 12 19 16 7 8 4 2 13 5 18 15 11 14 10
12 17 5 16 7 1 8 0 19 6 3 14 2 10 15 4 18 13 9 11
2 18 0 19 10 17 1 8 7 16 15 14 5 4 6 13 3 12 11 9
7 2 12 0 16 14 3 15 17 5 19 4 10 8 18 1 13 9 11 6
17 0 12 4 5 1 10 8 11 15 3 16 7 6 19 13 9 14 18 2
9 15 4 3 18 1 16 14 13 5 19 0 8 7 10 12 17 11 2 6
8 5 3 19 1 2 17 13 6 10 12 15 11 0 9 14 4 7 16 18
1 15 8 13 4 12 17 19 6 9 0 2 18 14 11 5 3 16 10 7
14 9 18 6 17 10 19 16 4 5 12 15 0 13 1 11 3 8 7 2
8 17 5 13 9 14 7 18 0 10 1 2 15 16 6 11 3 12 4 19
14 6 8 13 16 0 2 3 9 18 15 10 11 4 5 19 1 7 12 17
14 8 2 7 19 5 16 6 1 13 18 11 0 4 15 12 10 9 3 17
9 5 19 3 11 4 12 2 8 1 13 6 0 18 10 17 14 15 16 7
18 12 0 8 2 1 16 15 13 14 11 4 7 5 9 3 10 17 6 19
19 15 0 7 12 4 3 6 10 17 14 16 8 2 9 13 18 11 1 5
17 9 10 8 11 16 19 12 14 6 1 15 0 7 4 2 3 5 13 18
1 17 5 18 2 7 16 11 15 4 0 10 8 3 12 19 14 13 9 6
0 17 9 15 16 1 6 3 12 10 8 5 13 2 19 7 4 11 14 18
4 12 2 1 17 14 6 15 0 9 5 11 7 18 3 10 16 13 8 19
1 6 13 19 18 11 17 7 10 15 4 3 9 0 16 12 8 2 14 5
2 4 16 12 14 15 9 8 19 10 13 0 1 11 5 6 7 17 3 18
15 4 6 13 14 19 5 1 17 16 12 11 10 18 8 2 0 3 7 9
8 2 15 12 10 3 18 13 9 0 5 7 19 16 17 1 11 4 6 14
19 8 10 16 18 6 14 13 11 9 2 7 3 4 0 1 5 15 17 12
15 9 16 10 18 13 11 14 6 3 1 4 8 19 17 7 0 2 5 12
1 12 17 2 9 10 15 19 4 16 18 11 7 8 13 0 14 5 3 6
6 19 2 17 15 12 14 16 4 7 1 11 5 13 9 0 18 3 8 10
3 0 6 2 12 16 5 8 18 1 13 9 11 14 19 10 17 7 15 4
14 7 3 6 9 8 16 1 15 2 17 13 5 12 19 10 18 11 4 0
18 13 19 2 10 6 4 14 15 9 7 16 1 0 12 5 11 17 8 3
12 1 10 3 0 13 2 18 15 16 9 8 4 7 19 5 11 14 6 17
7 12 2 13 6 4 17 0 15 19 16 3 1 5 14 11 10 18 8 9
2 18 5 12 0 6 19 9 1 15 13 14 3 16 8 17 11 10 4 7
4 2 8 11 3 14 19 10 9 18 6 1 5 13 17 0 15 16 7 12
3 16 14 15 12 19 18 6 7 5 10 2 4 0 11 1 13 17 8 9
14 3 9 16 4 17 6 10 0 18 1 15 5 12 11 2 7 19 13 8
9 12 1 14 15 7 8 2 6 10 18 3 19 11 17 13 4 16 5 0
0 19 12 15 13 7 17 6 5 18 9 2 14 3 16 11 1 8 4 10
14 11 6 8 7 12 5 4 19 18 15 16 2 0 10 13 17 9 3 1
12 11 13 19 9 18 5 6 2 15 14 0 8 1 3 7 16 17 10 4
6 1 9 5 15 11 10 7 0 12 2 8 14 17 13 3 16 18 19 4
2 13 8 10 18 4 6 7 5 11 16 3 17 19 0 14 15 12 1 9
(75,87) (50,54) (4,4) (33,37) (36,37) (66,69) (52,61) (43,47) (40,47) (12,12) (48,52) (12,13) (69,88) (89,104) (30,35) (13,17) (13,14) (52,62) (42,49) (43,44)
(26,28) (18,20) (67,80) (80,104) (8,9) (62,70) (87,98) (23,27) (92,114) (93,109) (75,91) (89,107) (1,1) (24,27) (95,116) (59,73) (87,97) (65,68) (7,7) (72,76)
(56,63) (81,95) (93,103) (32,37) (8,8) (41,49) (37,43) (24,27) (10,12) (82,100) (77,89) (76,91) (92,108) (57,67) (36,43) (66,79) (11,11) (65,67) (63,68) (80,101)
(62,77) (94,114) (63,75) (4,4) (32,39) (55,62) (35,42) (31,33) (75,84) (51,53) (10,10) (57,60) (9,9) (72,81) (18,21) (51,54) (57,60) (58,71) (26,29) (87,98)
(30,36) (79,95) (44,50) (20,25) (74,91) (7,9) (43,49) (33,36) (23,28) (62,69) (12,14) (90,109) (77,85) (9,10) (30,34) (21,27) (18,23) (68,87) (4,5) (17,21)
(52,59) (49,56) (34,39) (10,14) (54,64) (17,19) (86,98) (88,113) (15,20) (81,98) (83,93) (4,4) (2,2) (93,96) (16,18) (88,95) (80,83) (22,23) (7,8) (56,59)
(89,96) (46,52) (10,11) (46,50) (4,4) (75,82) (40,49) (51,53) (2,2) (70,77) (51,57) (37,44) (43,45) (23,28) (29,36) (90,108) (87,94) (80,83) (74,83) (81,97)
(30,35) (19,22) (31,35) (52,56) (10,12) (95,113) (6,7) (79,92) (73,81) (71,80) (94,108) (81,92) (30,35) (79,82) (89,100) (32,36) (63,70) (94,99) (20,24) (1,1)
(65,70) (60,71) (18,18) (80,86) (76,86) (34,41) (12,15) (28,30) (81,100) (10,12) (70,82) (91,116) (49,60) (51,59) (24,25) (36,37) (32,38) (2,2) (71,88) (59,65)
(28,32) (75,82) (32,38) (53,62) (19,24) (73,83) (86,90) (34,35) (67,86) (34,38) (50,56) (35,40) (79,101) (26,27) (24,28) (27,33) (10,11) (96,106) (82,86) (2,2)
(29,37) (2,2) (95,113) (63,75) (3,4) (78,86) (4,5) (53,58) (12,15) (35,42) (60,69) (76,93) (24,29) (71,79) (44,51) (11,14) (78,86) (23,25) (40,45) (84,94)
(97,102) (46,50) (83,103) (89,97) (71,84) (90,105) (24,25) (18,21) (8,10) (86,95) (55,64) (64,83) (50,63) (3,3) (27,31) (28,32) (72,73) (92,101) (55,57) (54,63)
(18,22) (71,89) (88,88) (57,68) (5,6) (80,96) (90,113) (94,108) (34,38) (50,58) (53,65) (59,71) (71,85) (63,63) (36,44) (47,58) (95,108) (89,93) (21,26) (60,70)
(54,61) (44,52) (89,105) (24,29) (76,78) (68,80) (11,13) (88,105) (67,70) (52,56) (87,102) (72,86) (86,98) (14,14) (88,105) (63,77) (65,72) (13,14) (47,54) (56,65)
(90,96) (18,22) (55,58) (67,70) (82,88) (22,25) (32,40) (85,86) (51,65) (71,78) (96,99) (9,11) (16,18) (37,44) (66,78) (33,41) (42,50) (1,1) (68,79) (81,102)
(56,73) (48,57) (11,13) (20,22) (45,48) (51,53) (78,88) (69,72) (85,101) (27,33) (79,81) (5,6) (29,32) (36,41) (7,8) (67,83) (28,31) (96,105) (49,53) (89,109)
(33,41) (19,22) (31,39) (86,100) (57,60) (52,56) (90,103) (1,1) (8,10) (10,11) (10,10) (25,25) (8,9) (52,54) (24,27) (75,91) (81,104) (27,33) (10,11) (32,34)
(36,45) (49,54) (77,86) (6,7) (27,34) (39,47) (18,19) (58,70) (14,16) (12,13) (30,38) (24,31) (15,15) (82,90) (83,87) (85,95) (85,89) (34,39) (41,44) (88,108)
(23,26) (3,3) (12,14) (38,48) (5,6) (28,29) (50,53) (66,74) (35,42) (6,7) (12,12) (53,60) (60,72) (11,11) (97,106) (38,47) (53,55) (3,3) (33,41) (46,55)
(37,43) (80,94) (82,96) (12,12) (36,36) (95,104) (67,69) (45,53) (88,101) (76,90) (22,23) (83,101) (83,95) (95,109) (49,59) (75,82) (89,99) (81,100) (48,59) (29,33)
(10,11) (41,51) (29,36) (1,1) (86,108) (7,7) (11,11) (41,44) (49,57) (39,49) (87,108) (20,23) (42,46) (38,41) (25,31) (31,32) (8,8) (84,91) (81,99) (25,28)
(12,13) (67,82) (92,98) (75,78) (17,22) (13,15) (69,77) (34,38) (95,110) (48,54) (32,35) (85,95) (97,112) (35,40) (79,93) (51,61) (21,24) (91,109) (59,73) (91,109)
(13,17) (81,94) (20,25) (24,26) (69,75) (37,47) (41,48) (68,76) (37,41) (17,21) (34,44) (48,61) (94,102) (47,50) (85,91) (11,13) (15,18) (93,114) (35,38) (82,97)
(6,7) (23,28) (96,118) (70,89) (31,34) (76,78) (35,43) (62,67) (15,17) (71,87) (47,53) (32,35) (50,57) (24,30) (69,77) (18,22) (5,6) (37,44) (55,62) (13,16)
(10,11) (38,46) (78,83) (76,79) (81,97) (39,43) (42,44) (61,72) (89,107) (1,1) (46,49) (78,80) (15,17) (20,25) (26,30) (16,18) (59,66) (44,50) (64,81) (88,110)
(20,24) (4,4) (77,92) (87,88) (26,30) (83,91) (19,23) (45,52) (89,110) (9,10) (24,26) (95,103) (27,34) (2,2) (75,94) (21,23) (88,98) (66,69) (31,34) (36,42)
(23,25) (7,8) (61,76) (47,59) (97,102) (59,73) (59,69) (38,44) (12,16) (5,6) (74,77) (71,85) (62,78) (65,74) (60,63) (14,17) (77,94) (43,46) (45,52) (50,63)
(23,28) (43,46) (91,120) (35,37) (35,45) (33,42) (28,31) (12,12) (85,92) (66,85) (74,83) (51,54) (98,112) (17,18) (83,103) (76,80) (91,118) (64,72) (82,94) (37,43)
(74,90) (94,101) (9,10) (9,11) (73,83) (80,89) (3,3) (93,101) (43,44) (23,25) (3,3) (18,22) (3,3) (45,53) (36,43) (24,26) (87,97) (35,40) (21,26) (15,15)
(32,36) (22,24) (68,71) (11,12) (52,61) (74,83) (69,74) (63,73) (75,94) (47,57) (43,49) (44,46) (81,96) (7,9) (89,97) (62,74) (83,95) (8,9) (5,6) (72,83)
(38,44) (14,16) (29,35) (86,103) (59,63) (15,16) (13,14) (3,3) (47,61) (88,95) (53,61) (64,72) (81,104) (85,93) (24,25) (60,69) (50,53) (48,55) (76,78) (21,24)
(40,46) (90,101) (70,71) (8,9) (44,48) (23,25) (61,75) (85,104) (16,19) (66,76) (55,67) (18,22) (59,73) (77,100) (3,3) (16,21) (67,71) (96,118) (41,45) (52,60)
(83,104) (94,96) (25,29) (61,61) (9,10) (29,36) (83,90) (20,22) (88,90) (80,87) (72,85) (84,101) (19,21) (69,78) (38,42) (70,88) (52,63) (37,39) (71,81) (40,48)
(45,50) (44,54) (86,106) (42,54) (26,30) (44,54) (19,20) (48,61) (81,88) (2,2) (20,23) (13,14) (49,52) (17,17) (91,106) (83,102) (32,35) (28,33) (89,105) (61,65)
(22,26) (70,80) (34,40) (4,5) (21,23) (99,103) (98,111) (64,81) (53,62) (70,87) (58,62) (96,108) (44,44) (18,19) (22,24) (93,101) (85,107) (69,76) (66,78) (55,71)
(20,23) (76,91) (92,113) (6,6) (37,45) (35,37) (36,41) (21,24) (59,70) (47,53) (77,80) (17,19) (67,85) (75,97) (1,1) (20,25) (82,103) (39,45) (33,38) (94,114)
(55,56) (58,63) (32,36) (79,92) (65,81) (57,66) (40,51) (79,84) (16,20) (85,104) (56,70) (68,85) (48,58) (73,78) (44,47) (22,22) (60,63) (80,99) (68,87) (21,26)
(69,88) (68,75) (11,11) (15,15) (70,85) (63,66) (53,69) (74,78) (67,77) (17,19) (59,66) (17,20) (67,76) (66,81) (68,74) (57,75) (38,41) (41,48) (76,85) (60,71)
(12,15) (27,27) (16,19) (23,27) (12,14) (72,87) (71,72) (46,59) (34,38) (52,59) (9,9) (78,90) (68,85) (15,15) (61,70) (23,27) (13,15) (88,97) (12,15) (66,80)
(73,81) (53,65) (74,81) (96,102) (69,80) (80,93) (27,34) (67,70) (66,76) (26,29) (94,101) (11,14) (76,84) (54,66) (62,76) (40,49) (49,54) (40,41) (34,37) (76,82)
(74,90) (3,3) (32,35) (10,12) (89,109) (2,2) (60,72) (4,4) (4,4) (17,20) (83,90) (27,31) (55,60) (77,85) (58,69) (72,88) (49,60) (72,90) (20,24) (45,51)
(31,33) (77,83) (48,55) (75,78) (6,6) (93,111) (55,61) (11,11) (68,75) (34,41) (56,71) (19,25) (21,26) (13,15) (35,44) (96,104) (91,110) (96,118) (72,76) (95,104)
(54,63) (37,42) (80,97) (24,25) (70,82) (55,60) (84,102) (15,18) (2,2) (78,81) (42,46) (49,61) (68,78) (12,14) (18,20) (24,26) (16,17) (50,62) (30,35) (30,33)
(50,57) (67,84) (55,62) (96,108) (47,56) (25,27) (29,35) (20,23) (72,77) (45,56) (99,107) (75,92) (95,118) (91,109) (76,91) (72,91) (42,51) (2,2) (45,48) (32,33)
(52,62) (14,15) (92,119) (38,40) (1,1) (93,99) (43,51) (57,67) (28,31) (74,81) (35,38) (56,67) (91,106) (17,20) (37,42) (78,84) (73,84) (19,21) (38,48) (95,120)
(78,82) (91,107) (66,70) (66,71) (54,65) (30,31) (82,88) (78,88) (6,7) (71,82) (62,68) (45,49) (85,103) (65,81) (6,7) (27,29) (75,89) (28,28) (29,30) (27,33)
(1,1) (70,87) (8,10) (92,97) (19,20) (7,7) (25,30) (25,27) (17,19) (82,92) (29,35) (88,105) (17,22) (37,38) (88,115) (8,9) (31,37) (65,72) (79,92) (16,20)
(35,38) (40,43) (71,88) (31,36) (27,35) (51,58) (13,16) (57,65) (97,103) (69,77) (90,99) (48,53) (4,4) (92,97) (6,7) (99,115) (1,1) (69,78) (58,67) (91,108)
(23,30) (78,82) (81,90) (55,65) (56,63) (90,105) (30,34) (94,98) (37,38) (62,76) (68,70) (53,62) (71,86) (22,29) (30,35) (96,104) (82,87) (28,29) (16,18) (73,92)
(33,36) (78,91) (58,63) (77,96) (2,2) (25,29) (16,19) (1,1) (70,79) (33,41) (18,19) (21,25) (44,48) (27,34) (67,84) (91,99) (89,95) (43,44) (51,56) (74,90)
