# int__atai30_20_05  30 jobs  20 machines
30 20
11 18 19 9 1 10 3 13 7 5 15 0 4 6 8 17 16 2 14 12
8 15 18 16 6 0 2 11 13 7 10 19 9 12 3 17 14 4 5 1
17 18 2 4 14 7 10 12 13 0 19 15 5 16 1 11 9 6 8 3
2 17 4 10 9 6 12 8 5 18 3 7 16 11 19 14 15 13 1 0
4 11 18 9 2 12 16 5 7 6 8 15 3 13 14 10 0 1 19 17
4 6 16 18 14 2 7 9 1 15 10 12 5 8 19 13 17 3 0 11
19 14 11 3 6 9 15 4 2 12 17 10 13 8 0 16 7 1 5 18
6 9 17 12 16 5 0 8 1 3 14 13 7 2 4 15 18 11 10 19
10 16 17 5 15 18 14 2 0 1 4 13 7 12 9 6 8 3 19 11
6 11 15 17 14 9 7 10 16 19 8 1 4 13 5 0 3 12 18 2
10 11 7 14 5 2 19 15 1 12 8 0 16 13 9 4 17 3 18 6
19 9 0 3 14 7 13 6 11 8 15 10 4 12 1 2 18 17 5 16
6 16 10 13 9 18 14 4 1 8 17 5 2 12 3 19 0 7 15 11
4 11 5 0 15 12 13 19 14 3 16 10 9 1 18 6 17 8 7 2
1 12 3 15 11 2 5 8 16 9 17 7 4 13 6 14 0 10 19 18
19 12 7 14 13 10 2 11 3 0 16 17 9 1 18 15 8 5 6 4
16 19 12 9 3 5 6 17 13 4 8 7 1 10 14 0 11 15 2 18
7 6 0 19 9 3 16 8 11 4 12 2 13 17 18 15 1 14 5 10
12 9 19 14 7 8 0 13 16 11 6 3 1 2 4 5 10 15 18 17
1 4 18 11 0 16 12 8 13 7 2 19 3 5 9 15 17 14 10 6
10 16 3 5 4 7 11 19 15 14 9 8 6 18 12 0 1 2 13 17
5 4 7 8 0 11 1 3 17 14 16 19 15 13 10 6 12 2 9 18
13 14 16 5 0 7 18 12 1 3 19 17 11 4 2 9 15 8 6 10
14 16 19 15 7 11 4 9 10 3 18 6 13 17 2 0 5 12 1 8
8 13 6 5 1 19 14 17 9 0 12 11 3 4 7 10 15 18 16 2
0 19 12 16 10 5 14 8 7 9 18 1 11 6 17 15 13 2 4 3
12 14 11 6 0 9 3 13 4 1 18 15 8 5 2 7 10 16 17 19
18 13 7 15 1 11 0 14 2 3 8 10 6 4 12 17 5 19 16 9
11 5 7 10 8 1 2 6 14 12 17 13 0 4 16 9 3 19 15 18
0 1 19 10 16 14 5 6 12 3 7 4 18 17 9 15 2 13 11 8
(38,40) (64,76) (90,108) (13,13) (59,72) (54,61) (92,103) (75,79) (39,49) (22,25) (86,95) (94,99) (94,107) (51,53) (95,116) (43,44) (10,10) (55,57) (43,48) (27,31)
(79,94) (37,42) (13,14) (46,51) (7,8) (84,108) (11,12) (22,24) (79,90) (69,79) (25,27) (61,64) (16,20) (57,69) (78,93) (51,54) (81,100) (92,111) (72,74) (89,93)
(69,72) (1,1) (68,90) (34,41) (66,71) (63,78) (60,65) (98,119) (21,27) (63,73) (25,31) (86,101) (11,12) (51,53) (71,75) (50,52) (27,29) (57,74) (11,13) (26,26)
(4,5) (26,29) (64,65) (39,48) (89,110) (12,15) (88,100) (82,107) (9,10) (86,105) (64,79) (79,86) (91,93) (40,46) (93,110) (44,45) (82,94) (88,100) (63,73) (36,41)
(58,70) (87,110) (15,17) (24,29) (49,49) (89,105) (80,99) (35,38) (58,64) (44,51) (35,43) (66,79) (23,29) (13,16) (50,51) (24,29) (73,81) (45,51) (98,103) (58,65)
(34,41) (18,19) (71,75) (83,94) (98,119) (52,57) (46,51) (95,107) (57,66) (7,8) (25,29) (15,16) (3,3) (36,40) (90,114) (9,9) (61,77) (20,24) (90,103) (82,91)
(55,69) (10,12) (62,67) (8,8) (48,60) (18,23) (52,58) (67,71) (66,77) (8,10) (10,12) (21,25) (40,42) (84,103) (42,44) (22,27) (1,1) (88,95) (45,59) (58,66)
(82,92) (79,98) (73,79) (85,101) (68,77) (38,45) (45,53) (38,48) (14,17) (1,1) (63,69) (64,70) (17,21) (67,70) (41,44) (60,66) (95,119) (37,45) (62,76) (34,38)
(57,67) (47,56) (19,21) (17,19) (32,34) (28,34) (45,57) (78,90) (11,12) (85,93) (56,60) (70,72) (97,117) (92,100) (89,109) (45,48) (67,78) (91,114) (4,4) (44,45)
(72,80) (75,88) (77,80) (43,49) (2,2) (62,77) (65,68) (56,58) (32,40) (89,102) (66,84) (88,107) (35,42) (77,91) (25,32) (43,49) (89,107) (27,32) (2,2) (60,62)
(57,66) (44,56) (81,100) (42,49) (51,59) (43,51) (20,24) (44,54) (90,100) (4,4) (72,85) (18,22) (69,77) (78,90) (19,23) (43,54) (51,52) (36,44) (67,80) (33,39)
(2,2) (61,64) (80,94) (35,46) (3,3) (53,61) (85,104) (30,34) (60,69) (6,6) (97,115) (2,2) (23,26) (38,44) (84,107) (90,98) (59,69) (55,59) (89,104) (37,40)
(73,89) (83,96) (55,57) (52,61) (85,106) (24,26) (83,94) (32,36) (41,51) (65,68) (58,72) (87,111) (89,101) (16,17) (29,31) (61,74) (69,77) (14,15) (33,39) (19,21)
(15,17) (23,26) (69,76) (40,48) (12,12) (98,115) (26,32) (43,45) (14,15) (88,105) (49,59) (77,97) (1,1) (2,2) (4,5) (80,96) (14,14) (61,64) (53,55) (14,15)
(84,96) (31,39) (55,57) (77,101) (51,52) (14,17) (7,7) (74,79) (32,34) (66,81) (22,25) (67,82) (43,49) (18,22) (38,44) (35,38) (20,23) (41,51) (85,88) (96,113)
(32,37) (50,60) (96,116) (5,5) (55,67) (87,98) (48,57) (40,48) (33,39) (91,94) (61,73) (65,67) (58,73) (30,38) (5,6) (40,46) (83,86) (55,66) (55,70) (10,10)
(24,26) (91,99) (17,18) (93,114) (65,79) (57,62) (68,78) (28,28) (67,77) (92,104) (55,61) (28,36) (56,70) (40,44) (55,60) (69,82) (26,32) (48,52) (2,2) (43,54)
(27,31) (47,59) (84,98) (17,20) (1,1) (85,98) (85,95) (43,50) (58,62) (81,100) (51,63) (57,62) (36,45) (95,104) (7,8) (47,58) (85,99) (53,69) (77,80) (1,1)
(59,66) (47,55) (88,92) (56,65) (78,85) (43,52) (25,30) (42,51) (82,87) (31,32) (69,79) (28,35) (65,77) (28,30) (49,58) (22,28) (59,72) (61,61) (67,82) (48,61)
(36,44) (45,50) (23,25) (88,93) (17,20) (33,33) (42,51) (4,5) (7,8) (67,83) (67,84) (39,46) (83,107) (60,66) (41,44) (15,17) (43,50) (82,103) (6,7) (34,39)
(88,94) (34,42) (9,9) (93,112) (47,52) (94,106) (66,84) (80,83) (10,10) (57,70) (21,26) (87,105) (25,28) (35,44) (88,91) (52,60) (9,11) (49,51) (15,16) (76,97)
(11,14) (78,88) (59,69) (47,52) (11,13) (23,24) (54,56) (85,87) (28,33) (2,2) (22,26) (37,39) (69,82) (68,80) (96,100) (74,86) (42,44) (57,59) (44,47) (22,24)
(12,16) (53,62) (19,24) (3,3) (4,5) (12,16) (73,82) (70,86) (2,2) (64,73) (77,91) (59,72) (36,47) (87,103) (65,80) (34,38) (26,31) (55,70) (72,90) (7,8)
(28,31) (66,73) (13,15) (96,111) (86,93) (23,28) (88,93) (3,3) (56,65) (81,92) (77,95) (4,4) (24,30) (63,81) (43,51) (20,24) (56,57) (73,81) (91,113) (96,117)
(51,55) (12,14) (18,22) (32,36) (76,95) (44,55) (16,21) (47,52) (45,47) (79,84) (7,7) (87,100) (50,54) (32,40) (25,32) (30,33) (42,44) (60,68) (30,32) (14,17)
(63,76) (54,69) (67,70) (49,56) (39,45) (49,63) (3,4) (86,107) (61,71) (50,59) (93,98) (55,66) (97,103) (29,34) (96,122) (39,42) (6,6) (73,78) (32,41) (72,84)
(65,82) (30,32) (59,61) (6,7) (30,37) (58,69) (73,86) (59,67) (69,74) (92,116) (22,25) (71,85) (19,23) (11,12) (48,61) (92,115) (60,70) (65,78) (10,11) (62,80)
(96,98) (80,90) (86,111) (61,68) (4,4) (26,28) (78,82) (25,28) (78,92) (34,38) (50,64) (41,45) (20,24) (59,64) (75,84) (88,104) (91,114) (85,106) (80,95) (64,68)
(87,107) (75,97) (10,10) (14,16) (8,8) (18,21) (10,10) (36,44) (47,50) (26,27) (91,110) (93,111) (37,42) (23,26) (15,16) (87,109) (54,63) (1,1) (71,85) (40,47)
(20,26) (3,3) (30,40) (49,60) (9,11) (75,90) (23,29) (72,82) (52,60) (79,95) (71,80) (92,95) (69,78) (55,68) (90,105) (50,56) (80,99) (1,1) (17,18) (46,55)
