# int__atai20_15_08  20 jobs  15 machines
20 15
1 6 10 14 7 5 13 4 3 8 0 9 12 2 11
0 9 3 2 8 5 14 12 6 11 10 7 4 1 13
1 6 2 11 3 4 10 9 12 8 7 5 0 14 13
12 14 8 9 5 3 0 1 13 10 6 11 4 7 2
14 10 8 6 0 4 5 9 11 3 7 13 1 12 2
8 2 9 12 3 0 13 14 5 11 7 1 4 6 10
5 3 8 7 0 12 4 2 14 6 10 11 9 1 13
5 8 12 1 7 4 2 9 6 14 13 0 3 10 11
14 8 7 12 6 10 0 1 11 9 5 4 2 3 13
0 14 2 5 10 4 9 7 11 6 3 13 1 12 8
1 3 11 0 9 5 2 14 6 7 8 12 13 10 4
12 8 3 10 2 0 7 9 14 5 4 1 11 13 6
1 6 14 2 11 4 8 3 13 10 0 9 12 7 5
1 4 9 3 11 14 8 0 13 10 2 6 5 7 12
2 7 3 1 8 4 14 11 12 5 10 0 13 6 9
10 2 4 6 1 9 7 12 3 11 13 14 5 8 0
2 0 5 14 4 6 11 10 8 7 13 1 3 9 12
3 0 11 14 5 10 4 13 9 6 8 1 7 2 12
1 0 7 5 9 8 14 13 2 10 4 3 12 11 6
1 12 14 4 7 9 8 3 6 0 10 2 11 13 5
(68,83) (6,7) (29,33) (55,59) (13,17) (33,33) (64,75) (14,16) (7,8) (55,68) (53,57) (17,20) (60,75) (44,50) (88,103)
(29,36) (52,56) (19,21) (1,1) (93,100) (79,88) (62,64) (60,65) (10,11) (14,18) (69,78) (75,83) (78,96) (83,89) (93,113)
(41,45) (59,70) (6,6) (59,70) (24,30) (69,77) (77,88) (11,14) (34,36) (37,43) (58,71) (87,92) (74,87) (1,1) (58,69)
(73,94) (83,84) (71,72) (17,18) (26,31) (85,98) (82,98) (70,78) (86,98) (26,27) (13,16) (95,121) (3,3) (56,64) (64,73)
(37,46) (57,69) (77,92) (24,30) (50,52) (73,92) (6,7) (12,13) (25,31) (14,16) (34,41) (37,43) (54,58) (32,35) (40,46)
(75,94) (87,101) (58,61) (18,23) (83,89) (85,90) (60,67) (51,62) (17,22) (28,36) (2,2) (13,15) (1,1) (25,30) (52,61)
(19,21) (82,96) (68,82) (21,25) (4,5) (65,68) (67,81) (87,89) (79,88) (53,67) (10,13) (19,23) (39,42) (68,81) (37,43)
(37,41) (94,117) (11,12) (3,3) (32,40) (41,48) (18,22) (86,104) (55,68) (81,86) (76,93) (96,102) (2,2) (76,89) (1,1)
(24,27) (65,66) (87,94) (56,66) (74,89) (46,59) (38,40) (19,20) (38,47) (40,43) (42,46) (96,106) (22,28) (73,87) (37,47)
(95,97) (66,68) (54,56) (28,33) (23,24) (9,9) (71,84) (45,50) (85,100) (97,101) (73,91) (12,15) (68,88) (64,73) (24,26)
(3,3) (39,45) (77,83) (71,84) (64,69) (92,99) (74,82) (16,17) (11,13) (64,75) (51,62) (19,20) (24,29) (71,88) (86,98)
(13,15) (58,69) (91,99) (78,93) (45,51) (15,19) (65,77) (67,82) (63,79) (83,87) (85,87) (26,27) (26,28) (56,66) (1,1)
(63,76) (1,1) (29,32) (65,69) (31,33) (33,37) (8,9) (26,32) (92,117) (93,100) (62,66) (41,49) (58,63) (54,59) (7,7)
(3,3) (7,7) (40,42) (89,99) (55,67) (73,93) (24,27) (21,23) (29,32) (80,88) (1,1) (57,70) (52,63) (85,97) (18,22)
(65,75) (85,109) (46,49) (76,90) (37,39) (77,78) (16,16) (39,41) (90,114) (36,46) (24,26) (50,52) (14,15) (94,118) (59,66)
(33,33) (22,23) (7,8) (59,64) (73,88) (53,55) (2,2) (21,23) (31,36) (15,16) (77,85) (79,88) (66,81) (40,46) (18,20)
(58,75) (26,27) (64,71) (82,102) (34,38) (15,17) (59,74) (72,85) (3,3) (79,96) (37,42) (67,85) (6,7) (70,75) (64,66)
(92,106) (6,7) (52,63) (21,26) (34,41) (76,82) (16,19) (70,73) (28,32) (25,29) (51,56) (57,61) (54,66) (31,37) (73,91)
(41,50) (79,98) (83,102) (24,30) (70,80) (88,95) (8,9) (59,69) (78,98) (87,99) (11,12) (71,79) (58,70) (47,55) (80,92)
(51,57) (3,3) (57,68) (65,81) (84,105) (40,49) (22,25) (72,77) (96,107) (91,93) (48,54) (42,50) (79,92) (60,70) (26,30)
