# int__atai20_20_05  20 jobs  20 machines
20 20
9 6 2 14 18 13 0 1 10 19 17 16 11 15 7 8 12 4 5 3
10 5 17 19 4 11 9 12 0 7 8 15 1 6 13 14 2 3 16 18
6 8 19 10 14 5 4 17 2 11 15 0 7 3 1 13 9 12 16 18
11 4 17 15 8 13 9 6 16 19 0 7 1 10 18 3 2 5 12 14
11 19 16 0 8 5 2 10 18 13 9 3 12 15 7 4 1 17 6 14
11 9 16 7 6 15 1 19 10 18 8 17 2 14 4 12 13 3 0 5
3 12 2 7 16 14 15 9 19 18 1 5 0 10 11 8 13 6 17 4
18 12 0 9 3 7 16 8 4 17 11 10 5 2 14 15 6 19 1 13
0 17 8 12 6 15 13 1 9 5 11 2 18 3 7 4 16 10 19 14
11 18 5 6 0 10 2 1 15 14 3 12 4 19 16 8 13 7 17 9
13 7 6 17 15 10 2 19 12 11 1 16 8 14 3 0 5 4 9 18
6 19 12 13 5 10 9 18 14 16 7 11 0 2 3 15 4 17 1 8
6 9 10 14 12 5 11 7 2 17 19 4 15 0 1 13 16 3 18 8
11 19 5 7 10 9 15 4 2 14 6 12 0 13 16 17 1 18 3 8
9 19 5 10 4 11 0 6 2 3 7 13 1 18 8 15 16 14 17 12
7 4 6 2 3 18 0 5 1 8 13 17 11 14 19 16 12 15 10 9
15 12 5 2 8 7 14 9 4 3 13 6 16 17 19 1 11 10 18 0
19 13 9 5 6 4 8 3 15 10 2 12 0 1 18 16 14 11 7 17
7 17 5 12 4 14 13 2 18 9 1 11 0 6 16 10 15 8 19 3
8 14 11 18 15 16 19 13 17 1 9 5 6 0 3 4 10 2 7 12
(13,17) (62,68) (30,37) (81,85) (62,74) (51,58) (30,33) (97,99) (32,41) (26,32) (59,65) (41,51) (29,33) (23,28) (59,62) (39,48) (7,8) (15,16) (48,55) (10,11)
(12,15) (42,48) (67,78) (12,14) (81,103) (23,24) (83,100) (66,75) (43,51) (36,44) (36,44) (69,88) (51,60) (63,82) (44,47) (4,4) (61,61) (20,23) (49,50) (16,18)
(58,62) (43,50) (34,39) (73,81) (63,80) (74,88) (91,98) (69,79) (40,46) (25,32) (67,80) (29,34) (17,18) (88,96) (49,56) (68,82) (24,27) (1,1) (91,101) (24,26)
(76,89) (59,76) (41,43) (64,75) (98,107) (81,82) (81,99) (31,33) (8,9) (20,25) (26,31) (55,65) (88,107) (7,7) (94,110) (89,104) (88,92) (13,15) (45,48) (47,54)
(61,62) (84,99) (2,2) (12,13) (65,69) (94,118) (45,46) (34,40) (84,97) (51,62) (58,62) (53,67) (95,116) (57,72) (10,11) (32,37) (64,83) (31,36) (51,52) (52,55)
(21,24) (89,108) (32,37) (8,10) (9,10) (51,57) (43,48) (1,1) (66,73) (80,103) (17,20) (83,103) (50,61) (91,107) (39,40) (31,39) (80,99) (52,66) (3,3) (30,36)
(44,56) (87,88) (43,48) (60,71) (10,11) (19,23) (3,3) (68,86) (51,55) (54,69) (20,25) (50,60) (40,46) (11,14) (6,7) (44,50) (17,18) (2,2) (89,111) (37,41)
(10,11) (81,98) (42,52) (22,26) (9,11) (53,59) (29,31) (3,3) (3,3) (74,83) (75,93) (41,48) (9,11) (84,95) (1,1) (11,14) (57,70) (93,111) (22,28) (83,91)
(3,3) (86,91) (33,41) (4,5) (93,103) (10,12) (88,100) (15,17) (18,22) (55,66) (67,84) (37,45) (97,113) (75,84) (64,77) (53,66) (26,31) (81,95) (90,97) (2,2)
(84,89) (97,115) (6,7) (70,90) (23,27) (53,63) (82,86) (7,8) (60,65) (48,51) (92,94) (57,71) (25,29) (95,113) (87,103) (28,28) (78,96) (45,56) (4,4) (81,82)
(48,58) (99,114) (91,112) (55,60) (36,38) (23,28) (97,105) (40,51) (91,105) (91,108) (90,96) (30,32) (89,100) (3,3) (30,33) (28,31) (54,58) (20,24) (51,57) (21,25)
(49,60) (62,67) (69,80) (80,88) (55,60) (44,45) (40,44) (25,32) (52,63) (84,108) (93,99) (3,3) (31,37) (16,17) (1,1) (12,14) (8,10) (48,61) (64,79) (5,5)
(92,115) (77,83) (87,95) (24,29) (80,89) (40,45) (79,84) (64,75) (58,71) (88,97) (87,99) (48,62) (21,23) (9,9) (12,12) (27,29) (28,34) (39,45) (41,45) (28,35)
(64,81) (30,36) (13,16) (31,39) (50,57) (87,113) (19,22) (49,58) (84,89) (81,97) (13,14) (48,61) (29,35) (41,53) (44,47) (67,73) (6,7) (76,95) (84,94) (63,66)
(89,94) (94,110) (75,81) (42,49) (37,46) (16,17) (45,57) (60,68) (16,20) (29,34) (68,84) (57,71) (67,73) (97,115) (58,71) (93,115) (74,81) (40,51) (53,60) (31,35)
(36,41) (37,42) (75,80) (4,5) (70,72) (31,35) (31,36) (97,110) (42,51) (62,75) (16,17) (84,94) (57,66) (85,94) (20,23) (60,72) (92,107) (87,94) (71,77) (57,65)
(14,18) (36,38) (48,57) (9,10) (15,17) (14,17) (70,89) (90,97) (79,87) (62,67) (20,24) (67,78) (9,11) (49,56) (24,30) (55,62) (41,45) (50,57) (80,86) (20,25)
(50,54) (49,54) (19,21) (79,88) (1,1) (6,6) (15,17) (30,31) (18,20) (36,38) (62,65) (74,79) (39,47) (31,40) (76,89) (61,71) (52,58) (7,8) (94,100) (39,47)
(29,31) (33,40) (7,8) (58,63) (1,1) (63,76) (92,101) (38,45) (55,68) (92,101) (28,33) (52,55) (40,50) (54,64) (7,7) (82,91) (72,89) (77,83) (70,84) (77,83)
(30,33) (9,10) (76,87) (52,60) (42,51) (39,41) (46,56) (16,19) (4,5) (12,13) (86,95) (23,27) (65,72) (83,103) (81,82) (1,1) (4,4) (59,61) (56,61) (58,62)
