# int__atai50_15_01  50 jobs  15 machines
50 15
9 10 3 8 5 7 4 0 12 1 13 6 11 2 14
1 7 8 2 9 14 12 4 3 11 13 0 5 10 6
2 13 11 4 14 8 10 3 6 5 7 1 9 12 0
10 12 7 1 5 14 4 9 2 3 8 0 11 13 6
5 3 7 0 9 6 11 10 12 4 14 2 1 8 13
3 0 6 2 4 1 5 14 10 13 11 9 7 8 12
13 10 9 8 1 6 14 0 12 11 7 2 3 5 4
14 11 10 13 12 6 4 0 7 5 2 1 3 8 9
7 2 8 10 1 14 5 4 0 12 3 9 6 13 11
12 5 4 7 3 1 11 8 14 6 9 2 10 0 13
9 11 8 5 4 6 2 12 14 1 10 7 0 3 13
3 9 7 5 4 10 2 8 14 11 12 6 13 0 1
8 4 12 3 2 9 10 6 0 13 14 1 5 7 11
14 3 8 11 5 7 12 10 2 0 13 6 1 9 4
1 4 14 3 10 6 5 2 11 0 8 7 9 13 12
4 8 11 2 13 0 7 12 6 3 9 1 5 10 14
10 12 1 4 8 7 14 9 2 0 13 6 11 5 3
13 11 9 12 0 1 10 4 6 14 7 8 3 2 5
10 2 14 1 7 13 4 9 5 3 8 0 11 6 12
0 11 2 10 6 3 4 5 12 8 7 14 9 1 13
1 4 8 2 3 7 12 13 9 14 0 5 11 6 10
7 12 9 5 1 2 14 10 6 4 8 3 0 13 11
2 0 10 7 3 14 11 1 5 12 8 6 4 9 13
9 4 14 1 3 2 8 0 6 10 7 5 11 12 13
0 8 2 10 13 3 12 1 7 4 9 5 6 14 11
13 14 7 6 11 12 0 1 10 8 4 3 9 5 2
7 11 0 6 2 8 14 5 4 12 13 1 9 3 10
9 7 6 5 10 1 14 11 12 0 4 3 8 2 13
2 3 8 1 12 13 7 11 5 0 9 10 4 14 6
8 4 12 11 3 7 0 10 6 1 14 2 5 9 13
8 1 4 6 7 14 3 10 5 12 0 13 11 9 2
7 13 0 8 9 1 10 12 5 3 4 11 2 6 14
10 8 14 2 12 0 3 5 1 9 11 7 13 4 6
1 2 5 9 7 4 0 3 14 12 13 10 6 11 8
11 2 4 14 6 5 7 12 9 3 8 0 10 13 1
14 8 5 7 10 13 1 0 9 4 3 2 6 12 11
13 7 12 11 8 3 9 2 1 5 14 6 0 10 4
0 14 5 2 4 10 9 6 3 11 12 8 13 7 1
9 7 0 6 4 8 1 3 12 10 5 13 11 14 2
14 10 6 5 0 4 8 12 9 2 7 1 11 3 13
3 11 4 14 5 8 6 2 9 10 7 13 1 0 12
3 0 10 2 12 7 4 8 6 14 11 9 1 13 5
14 2 6 5 1 3 11 13 8 12 9 4 10 0 7
10 6 14 11 7 13 1 9 8 0 4 12 2 3 5
5 2 12 7 9 11 0 1 3 10 6 8 4 14 13
9 11 1 7 0 14 8 5 10 6 2 13 3 4 12
7 10 9 3 13 4 12 5 8 14 1 6 2 0 11
4 11 13 14 5 7 2 9 12 1 0 10 3 8 6
11 10 8 3 6 9 12 7 4 1 0 2 5 13 14
9 6 4 2 14 3 8 11 10 13 5 7 1 0 12
(14,16) (76,91) (6,7) (34,43) (41,52) (61,66) (51,57) (67,82) (13,14) (9,10) (46,52) (83,87) (59,70) (10,10) (34,37)
(43,52) (40,44) (91,97) (95,108) (41,47) (38,42) (24,31) (21,26) (56,69) (15,17) (59,62) (33,36) (81,86) (71,72) (27,28)
(15,15) (91,97) (81,94) (73,86) (87,101) (89,111) (29,36) (92,112) (21,22) (74,91) (58,75) (59,72) (7,8) (20,23) (37,44)
(34,38) (92,114) (74,92) (93,117) (25,31) (13,15) (86,100) (57,74) (88,93) (83,100) (71,91) (63,64) (41,51) (91,115) (1,1)
(27,30) (61,70) (84,91) (2,2) (30,33) (46,56) (56,61) (5,5) (80,103) (71,72) (70,80) (50,54) (47,51) (53,65) (26,31)
(43,52) (63,71) (1,1) (12,15) (21,21) (23,29) (18,23) (6,7) (30,35) (49,54) (81,85) (33,35) (56,67) (63,64) (51,59)
(50,56) (47,49) (37,48) (75,93) (13,14) (92,115) (5,6) (73,75) (37,40) (28,31) (74,94) (39,40) (44,45) (87,93) (86,102)
(5,5) (35,36) (83,106) (46,50) (24,31) (4,4) (76,91) (22,25) (91,110) (76,80) (82,106) (35,39) (42,53) (73,92) (60,69)
(48,53) (40,44) (78,87) (26,31) (17,18) (29,34) (41,48) (48,61) (26,32) (23,27) (22,27) (70,71) (43,50) (51,61) (39,50)
(40,45) (3,3) (5,6) (30,31) (89,107) (73,89) (83,102) (19,24) (71,82) (65,80) (79,98) (36,38) (36,39) (47,54) (14,16)
(27,29) (8,8) (66,81) (1,1) (76,94) (11,11) (44,51) (77,82) (24,26) (87,90) (48,53) (43,55) (81,93) (34,37) (7,7)
(78,98) (4,5) (81,88) (5,5) (51,64) (74,76) (4,4) (92,101) (32,33) (33,37) (75,94) (54,62) (46,50) (80,93) (60,72)
(62,75) (64,80) (27,32) (92,104) (57,60) (54,61) (24,26) (97,104) (88,97) (87,99) (17,19) (36,40) (39,46) (11,13) (18,18)
(42,47) (7,9) (3,4) (65,70) (33,41) (38,47) (80,90) (97,121) (67,76) (27,29) (74,91) (85,103) (77,89) (40,47) (65,76)
(46,55) (17,19) (87,109) (45,54) (6,7) (86,88) (23,25) (55,59) (17,18) (70,82) (62,67) (6,7) (5,5) (92,108) (50,63)
(52,62) (48,54) (66,69) (50,57) (19,24) (65,66) (48,56) (52,62) (4,4) (91,101) (28,28) (43,52) (26,31) (2,2) (67,74)
(44,53) (49,57) (73,79) (65,75) (63,71) (14,17) (72,91) (89,106) (17,18) (94,115) (28,35) (18,18) (53,62) (78,98) (50,65)
(50,62) (36,38) (94,114) (8,8) (78,87) (74,95) (60,74) (94,103) (66,82) (12,13) (32,35) (44,49) (16,18) (1,1) (36,46)
(74,84) (6,7) (15,17) (58,62) (44,46) (56,70) (24,27) (14,16) (30,37) (12,14) (2,2) (42,49) (94,106) (45,47) (7,8)
(47,54) (69,74) (33,37) (5,6) (87,90) (49,62) (18,20) (66,66) (55,60) (47,59) (37,46) (42,53) (21,25) (73,83) (45,47)
(81,100) (4,5) (29,32) (94,113) (75,91) (76,97) (64,70) (58,69) (81,86) (25,29) (35,39) (64,68) (58,68) (15,16) (66,71)
(32,35) (51,58) (50,57) (6,7) (95,97) (88,112) (11,12) (20,25) (75,84) (32,36) (54,62) (74,77) (41,48) (81,95) (18,22)
(45,54) (17,21) (77,94) (78,90) (21,24) (23,25) (65,83) (66,70) (79,81) (47,50) (38,44) (28,36) (20,23) (76,99) (38,40)
(80,82) (69,80) (56,68) (64,73) (15,18) (59,77) (26,31) (6,6) (1,1) (87,93) (44,50) (26,29) (8,9) (85,107) (41,43)
(75,89) (21,26) (85,99) (87,106) (32,39) (15,18) (66,83) (37,41) (31,38) (29,37) (46,53) (28,36) (15,20) (40,44) (29,30)
(72,84) (84,90) (19,23) (96,117) (77,84) (75,87) (8,8) (43,52) (94,110) (42,46) (45,52) (8,8) (24,26) (54,65) (90,93)
(6,6) (87,90) (49,58) (51,58) (85,107) (63,79) (55,60) (77,88) (6,7) (52,54) (62,67) (51,59) (50,62) (65,74) (22,25)
(85,105) (94,104) (24,30) (65,67) (90,100) (43,47) (67,77) (48,54) (23,27) (43,54) (71,85) (92,99) (9,11) (12,15) (84,89)
(91,112) (16,19) (64,71) (68,80) (32,38) (4,4) (49,51) (51,55) (34,42) (75,88) (38,48) (70,89) (62,71) (45,51) (65,80)
(62,75) (29,37) (94,108) (66,82) (76,84) (9,11) (54,66) (72,75) (83,99) (62,71) (79,88) (81,94) (68,79) (61,73) (53,60)
(6,7) (98,104) (46,60) (3,3) (44,52) (82,103) (31,36) (41,46) (14,15) (67,85) (15,19) (84,87) (25,26) (59,64) (85,104)
(88,108) (94,111) (87,99) (29,31) (35,40) (28,30) (77,98) (97,102) (24,29) (52,60) (47,51) (92,119) (33,35) (94,108) (13,13)
(33,42) (66,69) (82,92) (76,91) (10,10) (92,105) (63,65) (41,44) (63,81) (37,42) (72,75) (33,36) (44,56) (5,5) (17,22)
(11,11) (21,22) (40,48) (68,83) (41,53) (47,53) (56,70) (54,64) (9,10) (17,20) (73,84) (42,43) (18,22) (74,91) (28,33)
(88,114) (86,98) (28,31) (8,9) (13,15) (90,104) (12,14) (44,49) (46,53) (34,38) (42,53) (66,79) (24,28) (74,94) (42,47)
(85,107) (36,42) (13,14) (62,79) (9,9) (44,49) (85,93) (77,93) (98,115) (90,104) (36,42) (73,79) (98,113) (37,39) (76,95)
(32,33) (64,69) (84,100) (43,48) (2,2) (55,66) (65,76) (49,61) (31,33) (66,80) (87,90) (10,10) (45,52) (54,58) (35,44)
(54,63) (76,94) (52,63) (61,63) (62,69) (96,116) (9,10) (47,56) (55,68) (88,95) (21,24) (64,73) (38,47) (19,23) (96,108)
(81,93) (43,51) (72,87) (70,77) (5,6) (54,61) (80,92) (51,56) (94,102) (75,84) (15,16) (81,90) (47,52) (64,81) (19,21)
(97,116) (22,24) (14,16) (3,3) (24,29) (94,97) (51,53) (21,25) (30,35) (3,4) (86,92) (39,44) (64,77) (80,83) (18,22)
(8,9) (35,42) (88,95) (96,100) (17,19) (87,91) (33,43) (51,58) (1,1) (98,115) (34,40) (28,30) (77,85) (17,22) (54,67)
(73,81) (32,35) (36,41) (79,93) (69,81) (55,58) (84,93) (29,32) (41,51) (7,8) (43,46) (7,8) (31,35) (14,17) (16,20)
(22,23) (37,43) (20,24) (24,27) (9,11) (50,51) (49,58) (81,84) (70,76) (84,106) (52,55) (21,23) (11,13) (10,12) (33,36)
(87,93) (84,95) (90,110) (80,102) (40,42) (26,30) (16,17) (39,49) (53,68) (14,18) (30,32) (70,74) (92,109) (39,48) (11,13)
(50,63) (69,77) (73,83) (11,11) (75,92) (72,91) (66,74) (54,62) (87,95) (21,25) (60,64) (22,24) (93,108) (8,10) (65,76)
(87,102) (43,53) (43,48) (23,23) (46,57) (59,62) (34,37) (81,93) (23,29) (58,67) (60,76) (13,14) (87,89) (37,44) (45,47)
(87,111) (85,103) (47,57) (76,92) (32,39) (28,29) (79,92) (61,74) (75,86) (22,28) (5,5) (42,49) (30,34) (79,87) (66,74)
(89,109) (66,67) (77,81) (39,42) (71,77) (46,56) (56,62) (78,89) (50,62) (85,99) (12,14) (25,25) (61,65) (68,79) (47,60)
(73,90) (70,90) (57,73) (45,56) (35,38) (80,88) (56,65) (37,42) (33,40) (19,24) (15,17) (95,109) (24,25) (65,74) (85,93)
(9,11) (56,58) (61,65) (44,49) (2,2) (23,25) (67,75) (4,4) (54,58) (95,95) (95,117) (56,66) (63,70) (30,38) (30,35)
