# int__atai20_20_06  20 jobs  20 machines
20 20
10 2 9 3 7 4 18 12 6 14 15 0 5 17 8 13 19 11 16 1
0 14 2 11 8 6 7 15 12 18 1 16 13 19 10 5 4 3 17 9
8 7 1 12 4 18 14 2 15 10 11 16 0 17 9 5 13 19 6 3
10 15 0 6 18 16 9 2 19 5 11 13 8 7 4 17 12 1 3 14
10 18 16 4 5 9 8 3 12 14 17 1 0 11 2 19 15 13 7 6
3 12 9 11 19 14 2 1 10 13 5 8 7 17 16 18 0 15 4 6
2 7 6 19 5 9 11 16 10 8 1 18 4 0 13 3 15 14 12 17
12 7 18 19 5 10 8 14 11 17 0 9 15 6 1 4 3 2 16 13
8 12 7 4 5 10 3 9 0 2 13 11 1 19 14 16 17 15 18 6
17 14 5 10 13 11 9 4 2 7 0 3 6 8 18 1 15 16 19 12
2 17 9 14 1 7 15 3 4 6 5 0 18 11 10 12 16 8 19 13
19 10 9 4 1 7 18 2 15 11 3 8 13 16 6 12 17 5 14 0
0 16 1 12 17 13 8 19 4 3 7 9 18 15 10 6 2 11 5 14
7 12 13 8 17 9 16 10 6 3 14 4 11 19 5 1 18 15 0 2
5 10 1 4 2 6 14 7 11 18 9 13 15 3 0 19 17 16 12 8
4 13 18 3 19 10 14 2 12 1 7 11 5 8 15 6 9 0 16 17
8 15 16 19 5 6 12 2 10 14 0 3 9 13 1 4 11 17 18 7
5 19 11 12 6 3 4 8 1 17 18 2 13 14 15 16 10 7 0 9
7 1 10 18 14 16 5 13 4 19 2 6 0 12 11 15 3 17 8 9
0 9 16 4 2 7 15 13 1 6 19 3 10 8 11 5 18 12 17 14
(45,56) (60,61) (7,7) (13,14) (51,60) (32,35) (82,90) (58,64) (55,70) (7,8) (73,74) (91,100) (56,65) (44,56) (7,7) (81,87) (54,62) (56,69) (45,48) (4,5)
(95,113) (15,17) (18,21) (70,89) (35,44) (90,99) (19,22) (67,76) (13,14) (26,31) (46,58) (68,77) (91,104) (5,5) (40,49) (15,17) (62,69) (35,43) (6,6) (73,81)
(84,95) (87,98) (27,28) (79,96) (45,50) (51,66) (66,73) (75,87) (14,16) (91,114) (93,94) (25,27) (68,74) (35,40) (77,85) (70,74) (92,99) (27,30) (24,27) (2,2)
(97,105) (63,72) (9,10) (51,60) (10,11) (54,56) (19,25) (65,80) (66,80) (16,17) (10,11) (53,65) (45,48) (4,4) (65,75) (32,34) (9,9) (52,64) (29,32) (28,33)
(33,37) (63,68) (17,19) (80,97) (41,47) (57,65) (14,17) (94,105) (35,39) (92,106) (36,43) (83,101) (46,49) (72,76) (76,86) (68,71) (76,85) (14,17) (90,94) (67,75)
(85,97) (16,18) (33,34) (80,87) (78,94) (86,111) (22,26) (74,92) (57,60) (69,81) (21,25) (36,43) (52,63) (78,89) (52,61) (1,1) (56,59) (67,75) (25,30) (26,32)
(4,5) (81,86) (25,32) (52,64) (16,19) (86,92) (16,16) (59,71) (40,51) (52,59) (94,102) (3,3) (81,101) (11,13) (55,57) (17,20) (67,78) (61,62) (17,17) (30,32)
(16,18) (96,99) (46,50) (38,49) (53,58) (26,31) (68,79) (92,111) (9,11) (44,48) (56,62) (83,106) (7,7) (15,17) (69,80) (15,18) (70,77) (39,45) (82,86) (14,17)
(29,31) (23,27) (94,98) (40,43) (52,62) (81,92) (54,60) (51,59) (41,50) (74,76) (55,60) (57,69) (61,75) (22,27) (27,31) (3,4) (80,84) (86,89) (11,13) (66,83)
(76,94) (62,69) (21,25) (64,64) (89,108) (74,90) (51,56) (34,36) (76,90) (28,36) (66,84) (88,101) (88,98) (47,55) (45,53) (33,38) (4,5) (57,68) (17,21) (32,34)
(25,25) (82,100) (52,63) (67,79) (55,58) (42,52) (22,28) (15,19) (85,90) (27,35) (40,41) (84,95) (75,87) (73,89) (47,58) (52,54) (78,97) (24,27) (94,105) (55,60)
(39,49) (28,34) (26,33) (70,80) (72,76) (19,19) (65,81) (9,9) (10,11) (8,8) (83,101) (48,56) (69,75) (61,63) (67,86) (36,46) (67,78) (44,51) (76,95) (9,11)
(71,75) (78,87) (77,90) (12,14) (97,116) (98,111) (46,54) (75,91) (85,108) (11,14) (36,37) (65,78) (93,105) (22,27) (52,64) (20,25) (22,25) (16,20) (42,50) (58,73)
(58,62) (76,84) (30,36) (50,63) (31,38) (62,77) (18,21) (3,3) (30,32) (11,14) (33,38) (52,67) (43,45) (10,12) (41,52) (75,83) (39,46) (94,118) (67,81) (32,36)
(72,78) (40,48) (20,24) (2,2) (50,60) (65,70) (81,99) (94,106) (39,41) (43,52) (81,90) (48,57) (85,93) (77,86) (60,72) (42,51) (41,43) (40,44) (84,107) (83,96)
(60,70) (6,7) (44,46) (38,44) (72,75) (88,108) (11,13) (13,14) (88,93) (68,78) (68,84) (84,90) (59,66) (88,109) (55,62) (87,97) (78,99) (17,22) (72,92) (65,70)
(49,61) (16,19) (59,70) (37,47) (41,50) (91,106) (3,3) (52,63) (78,82) (96,112) (67,73) (63,76) (81,87) (80,83) (81,84) (69,79) (22,24) (89,96) (45,57) (56,68)
(6,7) (27,33) (70,79) (9,10) (27,29) (84,107) (89,95) (71,82) (42,52) (16,19) (36,41) (44,54) (41,45) (36,37) (77,80) (81,88) (85,89) (87,109) (23,27) (3,3)
(41,44) (26,33) (44,55) (65,80) (89,108) (10,10) (62,71) (32,39) (14,15) (94,103) (59,65) (65,77) (65,76) (45,53) (26,27) (5,5) (17,19) (61,75) (10,11) (71,86)
(80,92) (34,43) (38,47) (95,114) (98,112) (73,88) (94,116) (84,105) (50,60) (30,33) (85,103) (23,24) (33,37) (42,46) (28,31) (36,43) (23,27) (14,17) (49,55) (55,65)
