# int__atai15_15_09  15 jobs  15 machines
15 15
3 13 11 4 2 9 10 6 12 7 5 14 8 1 0
13 9 14 0 4 5 6 11 1 7 8 12 10 3 2
1 14 13 8 10 4 0 12 5 2 11 6 9 7 3
14 5 4 3 10 7 1 11 13 6 9 12 2 8 0
14 1 13 6 12 4 5 2 9 0 3 7 11 8 10
9 11 14 10 13 7 8 2 1 0 12 5 4 6 3
3 7 11 8 4 9 1 12 10 6 0 14 5 2 13
14 13 5 0 9 8 2 3 1 11 6 10 4 7 12
3 2 0 11 1 4 5 13 7 12 9 10 8 6 14
14 9 11 13 1 5 3 4 0 12 6 2 8 10 7
14 12 2 5 4 1 13 0 8 10 7 11 3 6 9
4 13 3 1 11 8 9 7 0 2 6 10 5 12 14
11 9 1 8 12 14 2 10 7 0 13 6 3 5 4
1 4 5 6 11 3 9 10 8 2 7 13 14 12 0
13 2 4 12 7 3 8 0 11 14 9 6 1 5 10
(90,105) (14,15) (44,54) (25,26) (87,92) (52,57) (7,8) (75,82) (90,102) (8,8) (19,22) (54,58) (68,71) (63,69) (95,117)
(32,34) (1,1) (39,44) (72,87) (41,50) (70,73) (96,97) (77,85) (84,104) (77,80) (87,99) (88,95) (49,55) (82,98) (3,3)
(88,94) (97,122) (80,87) (45,49) (77,79) (66,78) (93,108) (40,49) (39,49) (11,14) (1,1) (69,73) (26,33) (77,91) (96,122)
(49,58) (1,1) (21,22) (71,79) (45,56) (20,24) (60,63) (33,40) (79,92) (55,66) (67,70) (23,26) (56,62) (43,46) (54,68)
(15,16) (15,17) (15,17) (77,91) (8,8) (70,81) (84,91) (51,53) (76,88) (60,70) (93,107) (84,94) (44,54) (79,94) (18,22)
(76,98) (63,74) (94,102) (9,9) (85,103) (89,95) (11,14) (64,69) (53,58) (67,72) (34,39) (13,14) (3,3) (52,67) (59,72)
(41,42) (37,40) (40,49) (9,11) (36,45) (25,28) (75,78) (74,95) (16,17) (38,42) (30,35) (77,89) (33,35) (92,110) (28,34)
(92,98) (24,28) (48,59) (66,72) (52,60) (19,21) (51,57) (28,31) (50,55) (33,36) (36,46) (18,19) (41,49) (45,54) (94,99)
(70,74) (65,81) (3,3) (94,121) (67,69) (8,9) (15,18) (84,95) (71,79) (20,21) (88,108) (58,71) (65,83) (60,66) (39,50)
(29,35) (43,43) (80,81) (62,79) (14,16) (6,7) (35,37) (88,92) (71,83) (50,62) (63,70) (31,35) (16,17) (61,66) (7,9)
(18,18) (88,90) (53,63) (24,30) (70,75) (92,108) (85,100) (66,81) (85,94) (82,102) (57,60) (35,40) (78,81) (41,53) (82,92)
(50,61) (64,76) (85,101) (55,63) (24,30) (70,75) (18,19) (4,5) (68,74) (40,49) (27,29) (36,43) (41,48) (81,96) (83,98)
(2,2) (39,45) (13,16) (75,80) (30,35) (63,81) (69,86) (64,68) (92,99) (44,52) (28,35) (47,55) (92,98) (48,58) (37,42)
(79,99) (87,99) (34,42) (50,53) (73,86) (14,15) (31,36) (86,100) (85,101) (54,66) (48,61) (23,28) (18,21) (38,42) (92,112)
(72,82) (44,48) (72,81) (70,79) (65,70) (6,7) (15,18) (23,29) (24,29) (44,46) (4,4) (21,26) (98,108) (10,12) (81,95)
