# int__atai50_20_07  50 jobs  20 machines
50 20
15 2 17 11 3 19 5 14 7 10 18 1 12 9 13 4 6 16 0 8
10 18 14 1 9 6 5 16 11 19 0 4 3 2 15 17 7 13 8 12
16 12 8 3 6 9 18 19 4 10 13 11 5 14 15 1 0 17 2 7
8 12 6 19 4 5 14 2 11 16 18 10 0 17 9 13 1 7 15 3
18 16 17 3 8 14 15 5 1 9 19 13 11 0 2 6 4 12 10 7
7 3 12 16 10 18 6 4 9 19 15 11 0 17 2 5 14 13 8 1
18 19 7 5 10 16 15 6 13 17 1 2 14 12 3 9 4 8 11 0
15 13 8 19 6 11 3 0 18 9 16 1 2 12 7 4 14 10 5 17
1 0 18 6 17 16 5 13 10 15 9 19 4 12 14 2 3 8 7 11
18 2 17 0 5 1 13 9 10 11 7 6 12 14 3 15 8 16 4 19
10 1 5 3 19 2 4 18 15 13 6 12 9 0 7 8 11 14 17 16
11 14 6 2 9 4 0 1 8 7 18 13 19 15 16 17 3 5 12 10
16 0 13 11 2 8 5 9 4 7 15 14 18 10 12 19 3 6 1 17
7 0 13 5 14 9 3 15 4 8 11 12 19 17 16 2 1 6 10 18
3 11 10 6 8 5 17 9 14 12 2 16 18 7 1 15 19 4 13 0
13 14 17 11 16 5 2 3 6 1 18 9 15 12 0 4 19 8 10 7
8 13 10 7 9 12 2 14 6 18 11 1 4 19 17 3 0 16 5 15
7 16 2 6 3 5 1 0 9 13 14 12 18 4 10 11 15 19 17 8
17 7 1 16 18 9 10 11 6 2 15 5 3 19 14 12 4 13 8 0
12 6 16 11 8 14 0 19 1 2 10 3 18 17 7 9 13 5 15 4
13 3 7 1 6 19 16 11 14 17 2 18 4 10 8 15 0 5 9 12
1 12 18 5 19 2 14 17 10 3 9 4 13 11 0 6 15 7 8 16
6 4 8 11 17 13 5 12 1 9 15 10 2 0 19 3 16 18 14 7
4 7 5 19 12 9 15 1 17 6 16 18 14 0 13 3 10 11 2 8
10 2 0 13 4 16 12 1 7 15 5 9 3 6 18 14 17 8 11 19
11 14 7 16 3 10 6 13 4 2 0 15 5 18 1 9 17 8 12 19
4 16 8 3 0 17 5 12 2 7 9 18 14 10 13 19 11 6 1 15
16 5 7 10 8 17 14 0 13 18 15 12 1 6 11 19 2 4 9 3
12 8 7 17 2 4 9 18 1 5 10 13 11 19 0 15 14 16 6 3
15 3 16 19 6 11 8 0 12 5 9 4 18 1 7 13 2 10 17 14
13 9 1 0 8 11 5 10 17 18 16 2 14 19 4 3 7 6 12 15
11 16 4 17 18 6 3 13 12 19 14 15 1 7 0 5 9 10 8 2
1 3 9 0 5 17 8 7 13 11 18 10 16 4 6 2 12 19 15 14
15 0 10 4 2 8 6 12 13 7 18 3 16 11 14 5 19 17 1 9
7 3 13 1 12 2 9 15 8 14 6 10 11 4 0 18 5 16 17 19
18 6 3 9 10 13 12 5 7 19 15 1 8 17 11 4 0 14 2 16
15 13 4 0 2 10 3 8 19 9 17 11 18 6 1 7 5 16 12 14
7 19 18 16 8 12 4 6 0 14 9 2 15 5 3 1 13 10 11 17
17 7 19 16 2 13 18 11 0 1 3 10 15 6 9 4 8 12 14 5
9 18 2 4 1 10 17 5 0 8 3 15 12 6 16 11 19 7 14 13
7 18 1 9 5 13 16 11 19 14 2 15 3 17 8 12 6 4 0 10
5 4 10 16 7 1 2 11 0 13 8 14 6 19 3 18 9 17 15 12
2 13 10 6 1 15 18 7 12 19 11 3 5 16 0 14 8 17 4 9
2 13 17 0 19 7 12 6 10 3 1 18 4 11 16 8 14 5 15 9
7 5 14 16 1 17 15 6 8 12 4 18 2 11 19 10 0 9 13 3
11 16 2 7 19 3 14 4 6 8 5 17 10 15 12 13 9 1 0 18
2 15 4 18 3 12 6 9 19 8 5 0 13 10 7 11 14 16 17 1
18 17 19 1 3 14 13 15 8 0 5 7 10 12 4 11 9 6 2 16
17 4 6 16 15 11 12 8 10 1 2 3 7 13 14 5 0 9 18 19
7 15 6 3 12 9 8 0 2 18 17 11 10 16 5 4 13 14 1 19
(36,42) (63,70) (15,15) (51,63) (68,83) (38,42) (51,58) (68,80) (73,92) (75,88) (60,64) (10,12) (50,58) (57,65) (12,13) (73,92) (60,72) (50,54) (66,81) (18,20)
(76,88) (70,86) (32,38) (17,20) (9,11) (99,103) (83,89) (94,98) (40,41) (1,1) (18,19) (95,115) (2,2) (45,53) (57,59) (42,50) (24,28) (48,49) (12,15) (24,28)
(50,60) (55,62) (24,30) (24,27) (42,46) (64,80) (39,45) (36,42) (30,33) (68,81) (62,66) (13,15) (33,33) (25,29) (41,43) (63,79) (54,58) (75,94) (16,20) (8,9)
(31,32) (21,25) (37,39) (9,10) (83,90) (67,77) (34,41) (91,112) (79,98) (75,90) (39,43) (39,45) (9,9) (35,38) (82,88) (37,48) (32,36) (43,50) (84,89) (71,88)
(17,18) (72,85) (54,58) (30,35) (27,29) (34,43) (72,76) (29,36) (48,54) (3,4) (80,94) (70,87) (4,4) (70,79) (51,66) (15,17) (64,76) (42,52) (10,10) (76,92)
(55,66) (12,15) (63,77) (92,116) (86,111) (20,22) (30,31) (80,92) (53,55) (16,19) (8,9) (98,116) (69,87) (21,26) (87,98) (62,73) (53,61) (88,97) (15,19) (76,89)
(41,42) (4,4) (42,46) (78,100) (80,90) (53,63) (78,89) (96,113) (46,50) (89,95) (47,51) (85,100) (28,31) (78,92) (88,109) (88,99) (42,49) (66,75) (67,73) (51,54)
(26,30) (94,120) (43,52) (22,24) (48,55) (74,96) (44,52) (13,13) (53,56) (19,23) (37,41) (22,24) (13,14) (52,55) (4,4) (51,65) (7,8) (52,61) (54,60) (4,4)
(28,28) (82,84) (61,67) (75,85) (2,2) (11,11) (15,19) (55,57) (75,92) (55,56) (73,91) (32,35) (27,27) (44,55) (17,21) (45,52) (39,45) (93,96) (10,12) (12,14)
(59,72) (79,85) (83,95) (85,92) (37,43) (29,31) (31,34) (10,10) (72,80) (96,109) (22,26) (31,39) (26,33) (31,34) (73,93) (6,7) (60,68) (83,98) (77,98) (64,74)
(85,102) (8,8) (83,88) (47,51) (53,59) (12,15) (30,37) (32,36) (52,61) (75,84) (83,88) (73,75) (28,31) (76,87) (63,67) (48,58) (37,46) (17,20) (36,40) (45,55)
(49,57) (5,5) (6,7) (63,73) (32,39) (14,16) (40,44) (12,15) (89,109) (67,73) (92,97) (28,31) (85,96) (39,47) (10,12) (43,51) (8,9) (82,99) (87,93) (84,89)
(7,7) (85,87) (11,12) (54,58) (59,63) (6,7) (77,91) (64,74) (39,43) (13,16) (82,88) (37,38) (86,99) (97,110) (41,43) (92,105) (85,93) (95,100) (32,33) (22,24)
(85,91) (44,45) (98,108) (78,94) (8,9) (74,89) (40,51) (14,15) (77,95) (81,100) (86,109) (16,16) (48,55) (23,25) (26,34) (47,50) (40,47) (5,6) (58,73) (25,29)
(34,37) (57,70) (77,93) (34,37) (29,37) (52,62) (89,100) (2,2) (87,105) (30,36) (58,72) (33,40) (66,75) (27,31) (15,19) (69,74) (85,107) (1,1) (96,121) (32,38)
(46,48) (20,23) (63,67) (48,55) (76,86) (26,31) (20,21) (11,13) (16,17) (3,4) (60,67) (28,31) (95,107) (64,66) (93,104) (49,62) (53,55) (49,53) (91,116) (32,38)
(60,67) (15,18) (29,33) (29,35) (94,109) (34,39) (20,24) (61,78) (60,67) (14,17) (43,52) (61,64) (66,66) (60,69) (67,71) (72,91) (86,95) (97,116) (17,21) (58,62)
(76,89) (39,43) (9,11) (8,9) (25,28) (66,73) (53,56) (29,33) (7,7) (27,32) (58,64) (32,35) (17,22) (74,95) (55,59) (89,103) (24,26) (40,46) (6,7) (68,79)
(60,65) (26,32) (45,47) (29,37) (46,46) (15,15) (23,28) (96,110) (43,53) (1,1) (16,17) (11,13) (15,19) (36,44) (53,59) (12,16) (70,83) (66,84) (82,94) (53,64)
(14,17) (33,37) (63,71) (95,106) (73,78) (53,66) (18,19) (73,85) (73,91) (70,76) (74,79) (15,16) (40,48) (21,26) (54,66) (68,81) (31,35) (52,65) (18,23) (86,98)
(59,62) (95,119) (88,111) (64,79) (87,101) (51,60) (68,83) (81,98) (21,22) (5,5) (5,6) (81,93) (66,73) (94,100) (94,109) (69,80) (38,46) (57,72) (30,36) (80,98)
(80,99) (19,21) (81,86) (14,17) (68,78) (88,105) (59,63) (18,21) (64,70) (75,94) (52,54) (56,62) (39,49) (48,63) (44,56) (91,99) (37,40) (12,13) (9,11) (88,105)
(95,101) (88,109) (32,37) (98,117) (27,33) (83,87) (63,66) (56,66) (28,31) (86,106) (12,14) (22,26) (49,58) (84,90) (34,41) (7,7) (34,39) (18,20) (58,72) (93,109)
(18,20) (82,90) (90,108) (30,34) (69,78) (2,2) (92,104) (21,24) (78,87) (30,35) (77,85) (44,47) (88,114) (84,104) (3,4) (19,22) (52,60) (21,24) (56,68) (19,24)
(9,10) (5,6) (50,62) (25,28) (65,77) (64,65) (33,41) (73,77) (28,32) (56,58) (7,8) (68,86) (52,65) (46,51) (79,87) (29,31) (17,21) (90,93) (2,2) (23,28)
(41,49) (78,89) (71,75) (85,93) (1,1) (62,65) (97,101) (32,32) (53,67) (80,93) (27,35) (86,97) (63,69) (36,39) (70,86) (5,5) (13,14) (55,67) (32,40) (69,80)
(55,63) (81,93) (50,54) (63,71) (59,74) (78,101) (43,46) (42,49) (9,11) (4,5) (59,67) (23,26) (62,67) (56,58) (16,19) (9,11) (28,35) (44,45) (60,71) (7,8)
(64,76) (67,78) (92,105) (45,49) (16,19) (10,12) (78,83) (18,24) (91,104) (73,86) (92,111) (20,24) (49,62) (78,91) (2,2) (72,81) (53,64) (92,113) (38,44) (33,39)
(66,72) (64,80) (24,28) (50,61) (27,34) (73,84) (1,1) (3,3) (6,7) (73,79) (11,12) (57,68) (90,112) (10,12) (33,38) (8,10) (26,31) (34,43) (28,32) (92,103)
(40,50) (45,53) (52,63) (12,13) (88,99) (55,59) (40,43) (47,59) (65,71) (95,107) (77,80) (56,64) (80,98) (10,11) (90,106) (25,31) (65,79) (35,44) (82,105) (96,111)
(41,52) (65,77) (27,30) (76,88) (31,35) (20,24) (88,94) (28,29) (44,52) (16,20) (40,44) (31,33) (36,38) (31,33) (46,58) (45,55) (30,34) (2,2) (25,31) (35,42)
(82,95) (8,10) (5,5) (24,27) (69,78) (69,75) (91,106) (52,55) (90,103) (15,19) (62,67) (70,85) (82,90) (77,86) (62,67) (80,96) (96,109) (79,85) (29,31) (51,58)
(68,70) (62,74) (74,83) (23,24) (90,97) (47,54) (11,12) (18,18) (87,92) (93,99) (70,77) (98,107) (51,63) (67,73) (22,24) (85,97) (48,60) (79,95) (17,21) (5,6)
(83,99) (54,64) (48,51) (82,104) (17,21) (75,87) (70,80) (19,23) (21,25) (37,38) (12,13) (18,20) (9,9) (5,6) (4,5) (81,97) (86,104) (44,57) (10,12) (4,4)
(86,93) (35,41) (86,107) (62,63) (47,49) (4,5) (14,18) (14,16) (14,16) (39,41) (71,86) (87,108) (55,61) (78,80) (71,79) (52,58) (24,30) (41,43) (80,102) (71,74)
(42,51) (47,52) (87,104) (68,78) (66,81) (25,29) (33,33) (84,104) (62,70) (50,61) (48,51) (75,81) (22,22) (47,54) (61,77) (59,61) (15,18) (10,11) (94,105) (45,56)
(31,34) (39,44) (99,116) (47,58) (79,99) (49,65) (44,51) (65,77) (61,70) (15,18) (23,26) (31,34) (85,103) (72,78) (13,16) (23,29) (80,97) (27,35) (74,75) (14,16)
(56,57) (57,74) (68,71) (92,112) (21,26) (60,72) (49,56) (2,2) (15,15) (96,108) (20,24) (44,47) (6,7) (80,101) (13,15) (51,58) (11,13) (11,13) (53,60) (33,41)
(46,49) (12,14) (89,100) (23,28) (98,109) (10,11) (95,99) (86,91) (21,26) (18,20) (28,34) (50,57) (55,66) (56,59) (42,47) (51,54) (10,11) (41,42) (61,71) (12,13)
(48,57) (47,53) (25,28) (39,43) (20,23) (10,12) (92,116) (8,8) (46,57) (87,93) (85,110) (29,37) (90,93) (52,61) (24,28) (31,33) (43,50) (49,51) (3,3) (4,5)
(88,104) (40,45) (20,24) (12,15) (60,74) (86,109) (2,2) (55,62) (26,27) (75,78) (31,34) (39,43) (85,94) (44,52) (53,63) (35,42) (64,82) (11,13) (1,1) (54,58)
(21,25) (37,42) (26,27) (84,89) (61,63) (54,57) (27,31) (25,25) (30,35) (47,56) (53,63) (16,16) (76,87) (28,33) (70,74) (23,24) (83,94) (68,82) (21,21) (39,50)
(60,68) (24,26) (19,20) (96,115) (59,63) (71,78) (76,78) (51,57) (18,21) (26,28) (97,103) (72,81) (16,19) (10,10) (70,73) (60,68) (48,56) (93,119) (80,99) (98,110)
(13,17) (22,23) (80,92) (52,55) (82,91) (91,116) (82,103) (45,52) (70,78) (9,9) (93,116) (88,103) (86,108) (33,36) (74,91) (1,1) (70,77) (82,90) (73,89) (65,84)
(18,19) (62,79) (22,27) (31,36) (9,9) (57,60) (41,46) (1,1) (9,10) (43,50) (19,21) (23,25) (65,75) (83,105) (58,62) (88,105) (53,64) (39,45) (38,43) (41,43)
(43,47) (64,82) (44,56) (17,21) (69,75) (26,32) (37,46) (1,1) (69,87) (62,76) (28,31) (74,95) (48,58) (22,25) (24,29) (67,81) (78,83) (87,92) (94,103) (21,26)
(39,43) (45,49) (59,63) (65,78) (66,83) (89,100) (97,116) (94,109) (3,4) (11,12) (1,1) (13,17) (90,117) (9,11) (12,15) (79,86) (8,10) (56,67) (13,16) (73,89)
(56,65) (49,59) (53,61) (51,58) (45,50) (51,61) (42,48) (3,3) (69,82) (78,92) (7,8) (63,69) (24,29) (5,6) (43,54) (43,50) (73,84) (82,90) (37,39) (92,105)
(67,77) (32,38) (46,57) (58,70) (68,76) (37,46) (55,60) (67,81) (31,37) (59,63) (21,26) (68,71) (17,18) (9,11) (73,92) (43,50) (38,47) (21,22) (15,19) (92,115)
(46,48) (88,93) (59,75) (47,50) (88,106) (26,33) (79,81) (47,55) (84,98) (61,71) (24,26) (64,80) (88,109) (28,35) (5,6) (3,4) (76,85) (45,47) (13,14) (58,72)
