# int__atai15_15_07  15 jobs  15 machines
15 15
13 12 7 0 5 11 9 10 1 2 3 14 4 6 8
2 1 8 14 13 0 5 11 9 12 10 7 3 4 6
0 3 1 7 4 8 14 5 6 2 13 12 9 10 11
9 11 0 7 12 14 6 1 13 10 4 5 3 2 8
8 13 5 10 9 14 12 2 3 0 6 11 7 4 1
12 13 14 9 5 1 6 7 0 3 8 10 4 11 2
9 0 5 4 12 14 6 1 3 8 13 11 2 10 7
12 1 9 14 6 10 2 7 4 11 13 5 3 8 0
6 5 12 4 1 14 9 0 7 8 10 13 2 11 3
8 3 5 4 1 10 7 9 13 2 0 11 6 12 14
4 2 1 0 14 10 9 6 11 12 3 8 7 13 5
8 3 13 14 2 11 5 4 9 12 10 7 1 0 6
7 1 10 4 0 8 12 6 13 2 3 9 11 14 5
8 11 3 7 1 12 6 4 10 13 2 5 14 9 0
5 13 14 6 9 11 7 2 12 8 3 4 10 1 0
(49,53) (18,23) (6,7) (19,21) (1,1) (25,32) (87,105) (43,54) (27,30) (17,22) (50,51) (78,89) (10,12) (50,58) (39,46)
(42,53) (82,89) (2,2) (77,78) (83,104) (85,92) (59,65) (19,23) (55,61) (12,14) (66,83) (34,38) (55,63) (34,37) (82,90)
(60,74) (69,81) (72,81) (61,65) (93,116) (29,31) (24,26) (33,36) (87,103) (81,95) (87,112) (25,32) (98,106) (62,73) (31,36)
(10,12) (15,15) (90,105) (76,93) (75,93) (59,71) (1,1) (46,54) (22,24) (27,29) (21,22) (16,20) (44,52) (95,112) (11,13)
(81,95) (49,62) (67,84) (76,85) (7,8) (27,33) (96,117) (52,58) (29,34) (79,99) (58,70) (88,103) (79,88) (53,54) (34,40)
(3,3) (31,39) (97,122) (94,106) (74,92) (38,48) (40,42) (10,11) (9,11) (92,104) (7,8) (48,59) (20,22) (44,46) (56,73)
(27,29) (91,111) (4,5) (50,59) (66,79) (5,6) (17,22) (50,63) (46,55) (20,24) (49,56) (62,75) (92,100) (81,94) (88,96)
(25,27) (78,92) (56,67) (15,17) (66,68) (48,57) (63,75) (87,96) (54,70) (82,98) (55,64) (15,17) (33,37) (96,119) (61,63)
(79,84) (30,31) (22,25) (15,19) (84,88) (48,52) (56,65) (62,74) (29,32) (97,101) (47,48) (36,37) (87,92) (59,76) (57,63)
(27,31) (24,28) (67,80) (65,73) (59,64) (57,64) (93,105) (31,36) (14,17) (24,27) (82,85) (95,108) (53,66) (64,72) (30,36)
(19,21) (96,117) (13,14) (86,99) (25,31) (72,78) (90,95) (84,91) (68,76) (40,47) (16,20) (52,57) (62,72) (1,1) (91,99)
(57,70) (22,27) (46,52) (10,12) (1,1) (21,23) (3,4) (81,88) (92,98) (57,61) (76,88) (72,75) (57,61) (41,43) (61,66)
(69,82) (78,88) (12,13) (54,56) (22,27) (8,9) (89,104) (26,29) (16,17) (37,42) (26,31) (49,59) (41,49) (77,88) (92,106)
(69,79) (76,87) (29,33) (89,106) (46,54) (45,49) (41,50) (74,82) (89,99) (28,36) (8,10) (92,94) (16,19) (59,72) (6,7)
(89,90) (43,46) (40,44) (31,37) (10,11) (83,100) (16,17) (22,26) (89,93) (44,49) (34,41) (17,20) (89,95) (44,53) (91,100)
