# int__atai30_20_01  30 jobs  20 machines
30 20
5 13 3 15 19 9 10 6 12 4 2 14 8 7 16 11 0 17 18 1
13 2 15 12 4 9 3 7 5 0 8 14 6 19 1 10 18 17 16 11
8 5 2 18 17 14 0 4 11 3 16 7 6 1 12 15 10 19 13 9
13 8 0 11 3 14 7 4 18 6 19 5 2 9 10 15 17 1 12 16
8 6 2 13 16 11 15 12 9 4 19 17 5 3 7 1 10 18 14 0
1 13 10 0 2 12 19 5 17 16 18 4 15 8 7 6 14 11 3 9
2 3 16 17 10 15 13 12 9 19 8 0 18 11 14 1 5 7 4 6
12 10 17 4 3 11 2 19 8 9 13 14 7 18 15 6 16 1 5 0
10 14 3 0 7 17 19 2 11 16 6 4 18 1 13 5 12 15 8 9
0 2 3 9 8 12 16 13 4 10 6 19 15 1 5 17 7 14 18 11
1 4 0 10 15 11 16 9 19 13 14 8 6 17 18 12 2 7 3 5
6 5 9 10 0 2 3 12 11 7 13 8 19 14 16 4 17 1 18 15
13 19 11 5 2 15 14 4 3 6 10 1 12 18 9 7 16 17 8 0
10 3 4 9 17 8 0 19 2 11 12 1 18 15 5 16 6 14 13 7
4 14 8 15 11 9 10 1 17 16 5 18 6 13 19 12 7 3 2 0
4 9 18 19 3 17 15 16 5 8 11 14 0 2 1 12 6 10 13 7
17 10 13 19 0 12 14 18 2 5 11 16 7 4 8 1 15 6 9 3
19 13 9 3 6 17 7 16 5 14 15 18 0 2 1 12 8 11 10 4
9 11 17 13 3 1 10 16 0 5 7 6 4 2 18 15 14 19 8 12
17 8 13 7 4 0 6 9 16 18 11 5 10 12 2 19 15 14 3 1
17 2 7 16 6 12 14 9 3 18 0 4 5 8 1 19 10 11 15 13
0 7 16 12 3 6 19 2 10 9 18 8 13 5 11 4 15 1 17 14
10 18 4 5 12 6 9 1 11 13 8 7 17 0 2 14 19 15 16 3
14 0 5 11 9 19 10 15 2 3 4 18 17 13 12 7 6 1 16 8
11 6 18 14 16 0 17 10 9 2 7 4 19 5 8 1 12 15 13 3
18 13 10 12 1 9 0 7 2 5 16 6 17 8 14 3 4 11 19 15
14 2 19 10 11 16 9 7 15 1 5 13 4 8 18 0 3 12 6 17
0 18 8 9 12 17 16 19 15 11 2 13 3 10 5 7 6 4 1 14
18 11 9 14 4 0 16 3 8 6 13 15 7 2 10 12 19 17 5 1
16 3 9 6 2 18 11 1 4 0 5 7 12 15 8 14 13 19 10 17
(58,62) (71,85) (92,95) (33,43) (17,21) (47,52) (54,70) (18,19) (53,67) (49,53) (8,10) (67,74) (89,99) (39,45) (79,85) (39,43) (66,76) (52,65) (61,67) (66,69)
(41,49) (57,60) (50,62) (14,15) (82,92) (95,116) (35,44) (27,32) (4,5) (31,36) (13,17) (23,28) (70,83) (93,110) (67,74) (17,18) (13,13) (22,26) (75,79) (50,54)
(93,103) (12,14) (34,42) (30,39) (59,66) (69,81) (44,53) (25,28) (80,101) (86,94) (67,75) (27,33) (81,89) (82,101) (39,46) (34,43) (60,71) (90,93) (97,122) (51,55)
(30,31) (90,99) (34,38) (58,62) (88,94) (23,28) (68,84) (15,15) (73,83) (48,54) (18,19) (29,36) (91,93) (61,66) (82,88) (16,18) (74,86) (28,34) (34,42) (31,32)
(27,29) (10,10) (89,115) (25,28) (63,71) (68,76) (15,18) (46,56) (44,46) (35,45) (88,96) (81,93) (70,72) (69,80) (43,49) (72,74) (95,103) (12,13) (57,62) (62,72)
(9,9) (15,18) (74,78) (20,26) (48,50) (95,115) (5,5) (20,25) (26,30) (49,60) (25,31) (20,24) (8,8) (93,113) (50,60) (80,90) (7,8) (51,57) (70,90) (42,52)
(20,23) (75,78) (3,4) (43,46) (51,62) (6,7) (82,99) (73,79) (21,22) (51,53) (32,37) (26,28) (92,95) (77,88) (74,89) (6,7) (88,110) (59,75) (12,12) (34,42)
(39,46) (59,59) (36,45) (85,92) (86,106) (32,35) (97,102) (23,25) (29,36) (81,92) (47,58) (83,92) (43,53) (15,18) (43,48) (62,81) (43,52) (81,94) (69,73) (70,74)
(46,48) (36,43) (58,65) (57,71) (52,56) (56,66) (8,9) (32,36) (68,80) (92,110) (38,45) (5,5) (73,88) (23,26) (97,121) (87,96) (18,22) (60,67) (4,4) (54,61)
(27,33) (30,36) (45,49) (55,71) (77,95) (14,16) (80,86) (93,114) (4,5) (17,21) (45,48) (3,3) (7,8) (41,49) (23,28) (82,107) (65,76) (77,90) (41,47) (16,20)
(70,77) (53,62) (49,61) (84,108) (50,55) (4,4) (35,42) (62,73) (15,16) (45,50) (81,91) (62,74) (81,90) (48,52) (96,102) (5,5) (78,86) (8,8) (70,78) (32,39)
(30,31) (86,93) (45,49) (3,3) (60,76) (57,69) (77,82) (7,7) (53,59) (37,39) (44,53) (92,115) (92,113) (55,60) (38,41) (49,54) (56,62) (84,90) (20,24) (90,103)
(34,40) (5,6) (42,53) (82,100) (75,80) (20,21) (83,103) (70,79) (75,85) (52,59) (90,95) (34,38) (38,43) (29,36) (62,72) (11,12) (85,95) (32,35) (77,92) (2,2)
(57,72) (36,41) (70,79) (45,55) (47,59) (69,88) (74,92) (46,59) (68,81) (61,73) (29,33) (48,57) (7,7) (87,105) (36,40) (47,61) (29,33) (51,62) (1,1) (55,69)
(17,22) (34,41) (58,67) (23,25) (46,53) (12,14) (36,45) (57,63) (48,51) (72,91) (59,60) (55,59) (61,77) (89,94) (70,82) (51,54) (80,99) (85,91) (80,96) (96,111)
(33,40) (14,15) (19,19) (83,103) (68,76) (58,63) (2,2) (80,100) (11,12) (20,26) (71,83) (83,97) (26,27) (91,105) (64,81) (96,107) (81,91) (45,48) (39,40) (88,101)
(61,70) (70,83) (78,90) (2,2) (92,100) (11,11) (24,30) (10,11) (87,101) (72,91) (20,20) (89,114) (11,13) (84,106) (61,78) (94,98) (37,39) (13,13) (42,43) (59,67)
(94,101) (4,4) (92,104) (6,7) (65,74) (29,37) (86,101) (25,28) (56,68) (58,70) (9,10) (34,39) (22,27) (46,49) (45,54) (92,99) (19,20) (52,60) (73,92) (11,12)
(63,74) (77,91) (87,87) (88,107) (2,2) (60,64) (30,32) (84,98) (52,58) (75,79) (25,27) (89,105) (43,43) (13,16) (38,44) (57,69) (3,3) (77,81) (7,8) (93,99)
(54,64) (12,15) (71,82) (41,50) (97,104) (73,82) (18,19) (93,113) (20,21) (72,72) (34,42) (73,88) (10,11) (94,112) (12,13) (94,98) (33,39) (67,85) (88,100) (80,93)
(70,85) (37,44) (25,31) (88,108) (37,44) (90,94) (94,113) (2,2) (77,96) (39,49) (3,3) (99,116) (81,96) (17,22) (12,14) (70,86) (4,4) (66,72) (19,23) (52,58)
(59,66) (23,30) (23,27) (21,26) (84,88) (56,59) (95,115) (5,5) (28,32) (71,88) (27,33) (95,116) (4,4) (94,114) (62,74) (25,30) (58,76) (50,53) (81,90) (29,33)
(5,5) (17,20) (39,42) (84,103) (30,32) (3,3) (1,1) (93,107) (9,9) (90,110) (68,83) (71,72) (89,105) (13,14) (39,45) (48,53) (66,77) (36,39) (12,13) (1,1)
(55,61) (18,23) (59,63) (59,61) (96,112) (72,86) (37,42) (68,76) (24,26) (59,72) (23,28) (90,113) (3,4) (5,6) (83,103) (41,50) (73,73) (75,89) (45,50) (88,108)
(85,94) (93,101) (65,72) (55,62) (61,65) (56,62) (73,77) (51,59) (57,69) (46,55) (70,80) (77,85) (47,50) (38,44) (85,92) (84,103) (4,4) (43,51) (37,42) (72,93)
(42,48) (31,38) (37,38) (92,98) (38,42) (56,57) (78,90) (87,110) (73,81) (79,93) (57,63) (89,108) (39,46) (26,32) (70,83) (7,7) (47,56) (86,108) (58,68) (34,35)
(73,91) (72,81) (13,15) (4,4) (73,87) (5,6) (56,60) (94,110) (58,61) (97,112) (11,14) (14,14) (25,28) (83,100) (13,16) (89,114) (40,42) (1,1) (53,54) (53,54)
(33,39) (74,81) (97,117) (31,37) (83,100) (49,51) (51,63) (29,34) (60,69) (64,76) (83,100) (43,56) (46,53) (61,73) (63,66) (86,87) (14,15) (75,88) (42,52) (69,87)
(74,77) (94,108) (11,12) (94,104) (38,44) (30,37) (51,64) (47,52) (49,53) (39,47) (20,26) (18,24) (44,46) (75,84) (61,68) (43,52) (9,9) (29,32) (64,68) (16,19)
(31,37) (74,90) (90,97) (26,33) (70,81) (79,91) (36,41) (33,38) (47,58) (91,96) (47,61) (38,48) (90,97) (46,54) (73,87) (16,18) (60,69) (27,33) (87,107) (57,71)
