# int__atai15_15_01  15 jobs  15 machines
15 15
6 12 4 7 3 2 10 11 8 14 9 13 5 0 1
4 5 7 14 13 8 11 9 6 10 0 3 12 1 2
1 8 9 12 6 11 13 5 0 2 7 10 4 3 14
5 2 9 6 10 0 13 4 7 14 11 8 12 1 3
7 8 6 10 4 9 2 14 12 5 1 13 11 0 3
5 3 12 13 11 4 14 7 2 1 10 0 9 6 8
12 3 7 8 14 6 1 11 4 5 2 10 0 13 9
11 5 0 7 12 13 14 1 2 8 4 3 9 6 10
10 11 6 14 0 1 2 5 12 4 8 7 9 13 3
6 11 9 2 8 0 13 3 10 7 1 12 14 4 5
4 7 13 0 5 12 6 8 14 10 3 1 11 9 2
2 14 0 12 6 10 7 5 8 9 13 1 3 11 4
5 8 10 2 3 6 9 0 13 4 1 11 12 7 14
8 14 4 13 5 6 9 1 12 7 11 10 3 2 0
10 8 12 6 4 1 13 14 11 0 7 3 2 9 5
(92,112) (63,72) (10,12) (51,55) (26,27) (15,18) (65,80) (81,87) (10,12) (26,30) (90,113) (90,115) (93,119) (69,83) (79,91)
(71,81) (30,36) (85,94) (50,61) (55,71) (76,96) (8,9) (7,7) (90,96) (78,93) (17,21) (49,52) (17,18) (97,100) (32,39)
(4,4) (79,84) (39,44) (82,106) (48,56) (53,67) (20,25) (6,6) (53,55) (65,68) (80,87) (20,24) (37,48) (34,35) (66,69)
(72,82) (22,24) (30,37) (30,30) (53,65) (91,101) (57,64) (91,110) (31,34) (90,91) (29,30) (54,61) (27,31) (91,93) (9,10)
(78,95) (23,27) (20,25) (58,60) (35,44) (29,35) (94,113) (95,102) (77,93) (73,79) (89,102) (41,44) (52,53) (40,52) (95,115)
(28,32) (60,72) (84,102) (68,74) (15,16) (30,34) (63,71) (80,85) (74,85) (25,27) (50,52) (83,105) (60,73) (14,15) (29,33)
(17,21) (74,78) (19,24) (4,4) (88,110) (67,73) (19,20) (53,67) (83,90) (70,80) (42,54) (24,25) (36,41) (87,88) (64,69)
(31,33) (51,62) (9,11) (49,58) (59,74) (34,37) (97,114) (60,73) (6,7) (60,65) (7,8) (78,97) (3,3) (57,59) (7,8)
(82,95) (29,34) (94,99) (90,103) (13,13) (85,106) (79,83) (82,100) (77,81) (56,59) (84,104) (8,8) (63,79) (87,95) (14,15)
(5,5) (56,61) (29,31) (58,63) (40,47) (17,17) (64,75) (85,95) (77,80) (87,93) (67,78) (44,56) (81,86) (6,6) (13,15)
(88,94) (26,31) (1,1) (8,9) (90,102) (78,92) (88,105) (49,52) (31,38) (28,32) (90,111) (91,115) (6,6) (35,44) (73,83)
(45,55) (41,47) (72,88) (8,9) (50,58) (3,3) (80,103) (33,38) (27,29) (57,70) (66,72) (45,54) (65,70) (58,62) (85,94)
(63,67) (60,62) (95,111) (20,22) (30,34) (32,38) (33,38) (75,89) (50,51) (77,92) (47,53) (86,106) (74,89) (93,98) (44,55)
(27,29) (21,26) (50,61) (73,86) (17,19) (85,104) (57,62) (55,58) (62,71) (17,19) (16,19) (29,37) (15,18) (7,8) (33,37)
(57,61) (15,19) (42,49) (33,34) (36,40) (25,27) (65,71) (72,83) (5,6) (8,9) (12,14) (83,102) (79,89) (20,24) (96,105)
