# int__atai50_20_05  50 jobs  20 machines
50 20
7 15 11 5 9 16 0 8 1 4 14 18 13 10 3 19 6 2 17 12
15 0 2 5 12 17 10 4 11 1 18 3 9 14 19 8 6 16 7 13
15 11 8 17 3 7 12 13 2 16 4 19 9 14 0 5 1 18 10 6
6 16 1 7 11 5 14 4 17 2 19 3 18 10 9 0 13 15 8 12
13 8 2 0 19 11 9 10 7 1 17 12 6 14 16 4 15 18 5 3
9 5 14 17 12 11 3 0 13 10 18 1 8 7 16 15 19 6 2 4
15 12 4 2 14 5 16 18 11 8 7 10 13 17 0 19 1 6 3 9
10 0 18 1 16 7 8 3 13 6 15 9 19 11 14 12 2 4 5 17
7 14 0 6 12 1 11 19 8 5 3 18 2 10 13 16 4 9 15 17
0 7 5 8 14 1 4 15 12 2 3 9 10 6 18 11 16 19 13 17
6 10 14 7 11 0 19 15 4 9 5 16 8 2 1 3 18 13 17 12
12 4 1 15 19 16 17 11 6 2 13 8 18 3 0 5 14 7 10 9
1 5 10 4 9 2 16 19 7 14 3 11 17 12 13 8 15 18 0 6
18 2 7 17 14 15 4 3 11 19 9 5 12 6 8 1 16 10 0 13
5 15 11 14 12 13 18 9 19 2 16 6 4 3 1 0 7 8 17 10
16 19 0 12 18 15 1 7 14 9 11 13 5 2 4 17 6 8 10 3
10 19 16 7 6 4 15 3 13 11 8 17 18 1 14 2 9 5 0 12
1 3 17 18 5 11 14 9 16 12 19 13 2 4 0 6 8 7 10 15
8 11 15 2 3 10 18 6 5 17 12 19 7 16 9 1 0 4 14 13
10 18 8 13 15 19 4 9 6 16 0 5 2 17 1 12 11 7 14 3
13 12 7 6 15 16 11 2 9 19 18 17 14 5 0 1 4 3 8 10
12 2 1 5 3 14 8 17 10 13 9 11 19 18 7 4 6 0 15 16
18 5 17 1 12 14 7 10 6 19 4 9 0 16 11 15 3 8 13 2
19 15 4 7 8 9 6 0 10 3 18 13 1 17 16 2 11 14 12 5
5 15 16 9 17 1 7 13 6 0 18 11 12 4 10 19 14 3 8 2
17 8 5 0 13 16 2 1 19 18 14 4 3 12 15 7 10 6 9 11
12 14 19 2 5 9 17 7 3 0 18 1 13 16 8 10 11 4 6 15
5 3 10 1 14 11 16 12 0 4 19 17 6 7 13 8 2 18 9 15
3 6 13 18 2 19 5 15 11 1 14 17 10 4 16 8 9 0 7 12
14 11 0 12 17 1 19 7 15 13 18 4 3 2 8 10 9 5 6 16
7 6 19 12 4 0 8 14 9 10 1 15 11 17 5 18 2 3 13 16
6 14 5 0 3 17 12 16 9 2 13 1 8 4 7 11 19 15 18 10
16 8 4 1 13 0 11 17 12 3 15 19 18 14 6 2 9 7 5 10
9 0 16 10 19 3 4 5 12 6 17 1 2 7 11 18 15 14 8 13
9 5 1 8 2 0 11 14 19 4 7 18 10 15 12 17 13 16 6 3
10 11 14 7 13 15 9 5 1 2 4 16 3 19 8 18 0 17 12 6
12 16 9 3 13 18 1 5 10 7 17 2 8 4 11 0 15 6 19 14
0 18 16 9 13 1 10 7 3 5 12 2 6 4 19 15 11 8 17 14
3 11 18 12 15 17 0 19 4 13 16 7 9 2 6 14 10 5 8 1
13 6 16 10 1 9 0 7 18 8 3 11 15 5 2 14 17 12 4 19
3 6 12 15 14 7 10 13 17 16 1 2 4 0 8 18 5 11 9 19
6 2 19 5 12 9 10 11 16 17 13 0 1 18 4 14 8 3 7 15
3 19 18 10 4 5 0 17 9 13 16 1 12 8 7 6 14 15 2 11
8 16 9 7 10 15 3 4 18 17 6 19 2 14 1 5 12 13 0 11
9 4 7 12 6 13 15 17 1 5 11 2 14 3 19 8 0 10 18 16
4 1 7 19 17 0 9 18 16 10 3 12 2 14 6 15 13 11 5 8
15 2 19 14 16 9 1 13 10 18 17 5 0 4 11 7 3 8 12 6
16 14 10 12 13 7 8 9 18 17 5 4 19 11 2 0 6 3 1 15
11 14 0 6 2 9 15 5 12 10 16 3 7 4 19 18 13 17 8 1
13 7 11 0 1 19 9 17 8 12 18 2 14 16 3 4 15 10 6 5
(31,38) (13,15) (32,36) (49,63) (71,81) (73,82) (46,54) (12,13) (6,7) (59,66) (32,34) (18,21) (82,94) (13,16) (56,66) (82,83) (68,72) (31,39) (72,90) (48,56)
(6,6) (61,71) (33,40) (57,68) (47,56) (3,4) (57,67) (46,57) (14,16) (76,88) (23,25) (76,92) (69,82) (19,24) (65,68) (85,94) (23,26) (2,2) (32,36) (5,5)
(67,73) (25,26) (29,31) (90,99) (42,44) (17,19) (23,23) (61,72) (16,19) (4,4) (18,18) (68,83) (18,20) (15,16) (16,18) (82,95) (52,61) (17,20) (53,59) (78,91)
(23,24) (7,7) (48,56) (90,98) (72,85) (56,65) (90,95) (58,64) (31,38) (88,100) (38,41) (57,67) (13,14) (14,17) (47,58) (52,66) (18,21) (12,15) (53,61) (34,39)
(11,12) (56,70) (76,80) (19,20) (58,74) (32,40) (16,17) (13,13) (70,77) (34,36) (36,41) (90,105) (30,32) (90,102) (52,62) (86,94) (69,85) (21,24) (36,39) (12,13)
(68,69) (53,66) (23,26) (80,83) (42,47) (61,77) (16,20) (95,117) (37,45) (28,30) (21,21) (94,115) (60,72) (40,43) (71,77) (72,81) (7,8) (97,108) (58,64) (8,9)
(11,13) (80,95) (16,20) (84,107) (43,52) (67,85) (10,11) (10,12) (14,16) (85,103) (89,109) (92,100) (9,11) (76,79) (75,85) (62,75) (61,73) (22,24) (92,108) (99,113)
(85,96) (80,103) (40,41) (80,89) (4,4) (6,7) (70,79) (95,110) (69,75) (26,32) (9,10) (44,54) (50,52) (84,85) (88,93) (40,49) (20,23) (19,21) (60,73) (28,30)
(50,60) (25,25) (6,7) (88,97) (12,12) (79,97) (26,30) (76,92) (6,7) (16,18) (82,90) (32,39) (12,16) (63,67) (60,74) (39,50) (74,85) (30,35) (71,90) (67,78)
(60,64) (94,95) (20,25) (94,122) (30,36) (48,55) (11,11) (54,64) (7,8) (53,58) (17,18) (76,94) (17,22) (58,67) (21,22) (25,27) (34,36) (1,1) (25,31) (40,48)
(21,25) (14,17) (60,75) (62,74) (88,94) (18,22) (83,102) (84,94) (25,30) (78,96) (52,62) (97,117) (22,27) (81,91) (51,64) (45,58) (2,2) (95,105) (58,72) (60,69)
(17,19) (50,56) (12,15) (58,73) (20,24) (10,11) (17,21) (29,31) (57,71) (63,77) (31,31) (17,18) (92,106) (88,107) (40,50) (90,95) (74,82) (18,22) (84,94) (54,63)
(36,43) (6,7) (92,114) (55,70) (28,30) (9,9) (91,102) (18,20) (37,42) (53,54) (87,103) (99,116) (11,13) (85,102) (71,89) (84,102) (16,20) (28,34) (9,11) (52,65)
(69,73) (57,73) (33,37) (8,9) (78,100) (8,9) (55,64) (96,113) (96,113) (47,51) (35,43) (29,33) (1,1) (12,16) (16,21) (34,40) (33,41) (34,42) (64,81) (7,8)
(60,76) (33,38) (43,53) (4,4) (19,22) (14,14) (23,29) (82,98) (56,59) (88,95) (94,100) (44,55) (60,75) (11,13) (28,33) (37,46) (23,26) (21,25) (93,94) (55,61)
(29,34) (47,59) (93,108) (78,96) (66,70) (25,30) (61,75) (95,115) (5,6) (93,112) (71,75) (13,14) (17,19) (72,83) (5,5) (38,43) (19,20) (26,28) (48,58) (66,71)
(95,116) (22,23) (90,106) (69,76) (69,82) (41,43) (45,47) (85,92) (83,97) (11,13) (53,61) (48,52) (56,61) (32,33) (28,31) (6,7) (93,98) (54,54) (89,93) (82,85)
(90,112) (28,36) (56,59) (87,93) (18,20) (14,18) (22,26) (78,91) (17,20) (93,112) (14,15) (65,75) (45,50) (68,81) (86,100) (60,66) (78,80) (6,6) (57,72) (56,68)
(8,9) (63,64) (95,117) (19,24) (17,18) (2,2) (64,76) (89,107) (28,32) (27,30) (61,66) (47,55) (94,96) (5,5) (92,101) (37,44) (79,90) (40,50) (42,48) (16,18)
(14,18) (11,12) (32,36) (80,100) (76,89) (31,37) (18,23) (51,56) (85,86) (19,23) (8,8) (22,22) (41,43) (78,87) (61,70) (73,89) (15,18) (84,99) (14,16) (73,82)
(47,50) (27,30) (35,46) (12,13) (58,73) (85,111) (31,36) (86,106) (91,109) (52,65) (94,120) (49,58) (47,48) (95,112) (98,120) (47,56) (98,107) (16,18) (31,33) (68,79)
(75,83) (32,33) (63,75) (33,37) (57,58) (6,7) (93,95) (19,22) (92,115) (41,42) (27,33) (22,26) (16,17) (88,99) (39,48) (86,98) (32,35) (47,51) (1,1) (10,11)
(95,100) (56,71) (74,79) (46,58) (33,38) (58,73) (50,54) (87,98) (74,89) (24,27) (14,18) (15,19) (54,68) (77,87) (40,48) (66,77) (71,90) (83,100) (84,89) (58,66)
(72,81) (60,68) (26,32) (61,63) (14,18) (43,49) (3,4) (7,8) (76,84) (55,58) (89,112) (83,95) (32,40) (13,13) (92,104) (59,67) (50,57) (73,77) (22,24) (40,47)
(24,29) (16,17) (13,14) (88,93) (91,98) (16,19) (26,32) (22,25) (10,12) (87,97) (87,91) (42,48) (67,79) (74,87) (84,98) (5,5) (34,39) (69,76) (66,79) (66,81)
(57,66) (68,78) (26,31) (57,70) (19,20) (83,90) (54,68) (12,13) (48,55) (41,47) (84,101) (52,55) (85,99) (38,42) (38,42) (20,23) (48,49) (16,19) (8,9) (84,91)
(48,56) (39,41) (64,75) (91,111) (11,14) (29,31) (68,74) (69,75) (21,22) (48,50) (41,44) (66,79) (39,48) (6,7) (37,39) (28,36) (40,45) (82,98) (89,112) (18,22)
(53,55) (66,78) (17,21) (53,67) (81,90) (40,48) (34,37) (53,68) (58,70) (32,33) (50,52) (27,31) (30,35) (95,114) (50,56) (14,16) (96,100) (49,58) (13,16) (31,36)
(77,85) (11,14) (58,69) (42,46) (19,23) (39,44) (20,26) (76,95) (3,3) (44,52) (12,15) (70,77) (94,112) (68,83) (5,5) (2,2) (73,75) (71,90) (29,33) (41,50)
(91,96) (84,105) (72,80) (74,80) (32,34) (89,109) (95,103) (80,87) (83,88) (54,58) (14,17) (17,18) (33,38) (80,89) (50,63) (68,80) (36,43) (94,105) (44,52) (50,57)
(78,92) (47,57) (92,105) (40,42) (22,25) (96,101) (11,14) (51,55) (76,84) (11,11) (2,2) (24,27) (2,2) (39,42) (78,84) (93,115) (32,38) (80,86) (74,85) (39,44)
(65,76) (35,43) (12,13) (87,101) (80,89) (4,4) (82,86) (66,80) (26,29) (64,80) (88,100) (73,75) (1,1) (42,53) (27,32) (96,116) (71,85) (11,14) (27,34) (22,23)
(1,1) (40,43) (52,65) (28,30) (73,88) (16,20) (53,54) (81,93) (59,72) (93,105) (5,6) (91,99) (24,31) (65,74) (65,82) (42,44) (15,20) (48,53) (56,71) (7,9)
(9,11) (14,19) (40,45) (31,35) (49,62) (72,77) (55,66) (25,27) (50,63) (25,31) (9,11) (51,61) (87,103) (22,25) (67,81) (57,72) (14,16) (49,50) (51,55) (53,56)
(82,92) (14,17) (8,9) (8,9) (49,59) (90,104) (11,13) (84,101) (43,50) (33,42) (68,84) (60,74) (34,43) (53,58) (77,90) (91,103) (86,98) (20,23) (64,78) (13,13)
(77,85) (76,91) (30,39) (34,42) (67,72) (42,45) (37,44) (7,8) (89,95) (71,88) (6,7) (75,79) (75,85) (82,87) (12,12) (48,50) (50,58) (72,91) (87,101) (26,31)
(62,70) (1,1) (28,36) (59,66) (55,59) (45,47) (67,78) (86,92) (59,63) (21,26) (44,48) (3,3) (56,68) (73,88) (79,92) (1,1) (63,71) (72,84) (4,4) (63,82)
(3,3) (6,7) (60,65) (61,69) (53,63) (84,89) (25,31) (4,4) (26,30) (54,59) (84,86) (3,3) (2,2) (12,14) (43,47) (88,110) (77,92) (16,18) (78,91) (66,74)
(14,16) (33,39) (67,80) (86,92) (46,56) (70,73) (24,29) (57,69) (20,22) (79,87) (84,90) (44,49) (74,85) (78,85) (52,62) (40,44) (63,78) (82,101) (15,16) (42,49)
(29,30) (51,65) (11,12) (92,114) (2,2) (84,104) (78,86) (22,27) (95,113) (49,55) (94,99) (78,90) (14,16) (25,27) (71,76) (91,116) (88,111) (31,35) (5,6) (67,86)
(22,26) (90,116) (58,75) (37,43) (8,10) (68,83) (92,95) (72,74) (54,67) (95,104) (12,14) (60,62) (80,85) (44,53) (81,88) (7,8) (53,59) (36,42) (84,95) (35,35)
(44,55) (55,69) (10,10) (48,60) (76,87) (43,44) (8,9) (63,82) (30,31) (73,90) (93,110) (47,50) (55,58) (23,27) (25,29) (94,102) (91,117) (68,73) (22,28) (95,98)
(56,68) (86,92) (69,73) (49,60) (28,35) (62,78) (1,1) (69,76) (95,98) (81,99) (41,50) (19,25) (20,21) (3,4) (43,46) (83,98) (96,116) (21,27) (51,60) (20,25)
(80,92) (12,13) (70,84) (37,44) (96,116) (67,82) (33,36) (81,93) (22,24) (45,49) (62,70) (93,110) (7,9) (12,13) (72,91) (62,72) (85,99) (27,27) (37,46) (10,12)
(33,37) (6,7) (90,108) (16,20) (45,46) (75,79) (53,66) (94,120) (85,89) (44,53) (41,49) (5,5) (95,115) (14,17) (29,36) (4,5) (37,41) (91,106) (9,10) (44,49)
(19,21) (64,68) (17,21) (21,22) (13,14) (71,92) (43,46) (39,44) (95,103) (24,29) (31,35) (14,15) (43,52) (16,18) (79,87) (70,74) (37,44) (6,7) (14,14) (42,53)
(60,73) (83,102) (44,56) (68,81) (24,29) (8,10) (79,82) (58,71) (14,16) (29,35) (10,12) (1,1) (59,69) (52,54) (19,24) (19,20) (15,16) (12,14) (10,12) (34,36)
(34,37) (8,9) (75,93) (31,33) (91,107) (31,36) (11,12) (39,50) (12,12) (10,12) (47,52) (18,20) (98,110) (70,87) (95,109) (38,47) (83,100) (11,13) (24,31) (37,42)
(36,41) (88,109) (79,98) (25,31) (40,43) (33,37) (64,69) (57,71) (79,88) (72,75) (17,18) (40,49) (27,28) (70,80) (36,38) (81,84) (76,87) (75,91) (56,62) (14,15)
(46,58) (1,1) (10,12) (86,110) (37,46) (81,89) (80,89) (96,109) (1,1) (28,32) (58,72) (60,65) (72,78) (41,46) (29,31) (80,86) (94,120) (58,60) (28,34) (72,75)
