# int__atai20_20_04  20 jobs  20 machines
20 20
1 18 4 15 16 19 0 10 5 14 13 7 8 6 2 11 3 9 12 17
4 2 3 14 1 0 13 17 18 16 5 10 9 15 19 11 8 6 7 12
1 16 8 18 13 14 6 0 9 15 19 3 12 5 4 11 10 7 2 17
19 3 4 9 1 2 18 8 6 16 13 14 12 5 7 11 15 10 17 0
15 12 1 10 0 19 11 13 2 14 17 6 16 3 7 4 8 9 18 5
3 7 9 0 5 6 14 16 4 2 19 12 13 18 1 11 17 10 8 15
17 3 11 9 4 13 16 8 0 18 1 19 10 5 6 15 14 12 7 2
17 13 16 4 11 7 12 6 8 10 2 18 0 9 15 1 3 5 14 19
0 11 1 18 2 13 9 7 8 15 16 12 14 10 6 17 3 5 4 19
9 3 6 12 0 13 2 1 17 16 18 19 4 11 14 7 15 5 8 10
12 10 16 9 18 7 8 0 6 3 15 1 5 4 17 14 13 19 11 2
6 18 8 4 7 17 0 14 11 19 3 10 9 16 12 5 1 13 2 15
17 4 16 12 19 1 2 18 11 3 10 6 5 7 9 0 8 13 15 14
14 11 1 9 12 7 10 19 2 17 13 16 8 15 5 3 18 0 6 4
4 10 19 18 16 11 5 15 1 7 2 14 13 3 17 0 12 6 9 8
2 3 7 18 14 6 12 0 9 13 4 16 10 5 19 11 17 15 8 1
3 2 15 9 18 11 7 17 16 8 19 13 0 6 4 10 14 1 5 12
4 10 8 1 12 18 17 15 11 19 3 14 13 7 2 9 5 6 0 16
13 15 5 14 3 18 17 10 2 19 6 12 11 16 7 0 4 1 9 8
3 13 18 8 11 9 17 12 16 0 2 14 19 7 10 1 15 4 6 5
(30,34) (79,97) (34,37) (92,112) (28,30) (94,112) (24,30) (48,50) (65,74) (51,56) (19,23) (49,57) (28,31) (49,52) (35,37) (37,41) (18,20) (43,48) (45,46) (94,106)
(70,77) (66,82) (3,4) (96,107) (67,77) (8,9) (15,15) (87,100) (71,82) (19,23) (86,90) (58,72) (68,84) (62,65) (39,44) (30,32) (42,53) (78,91) (61,65) (14,16)
(6,6) (35,44) (87,109) (71,86) (51,57) (61,74) (31,37) (16,17) (63,63) (7,8) (18,21) (88,104) (54,58) (24,28) (71,88) (90,109) (86,109) (67,72) (88,90) (79,92)
(56,62) (35,36) (77,93) (42,46) (85,104) (49,60) (63,69) (85,90) (57,70) (24,29) (72,74) (18,22) (4,5) (67,82) (40,46) (27,33) (37,38) (40,43) (79,86) (80,85)
(2,2) (40,47) (12,14) (71,76) (31,39) (63,77) (70,85) (63,72) (93,109) (44,48) (28,31) (47,61) (92,114) (49,57) (38,38) (76,100) (89,108) (35,41) (49,62) (72,81)
(15,16) (31,37) (86,91) (87,103) (53,56) (49,51) (23,24) (18,24) (36,46) (91,113) (73,81) (44,52) (74,80) (70,74) (65,71) (6,7) (16,17) (23,24) (24,28) (42,48)
(4,4) (22,23) (95,105) (10,12) (83,91) (78,95) (2,2) (52,57) (77,82) (2,2) (57,61) (32,36) (92,94) (90,98) (90,98) (33,38) (35,37) (47,55) (52,59) (12,12)
(18,20) (2,2) (7,8) (57,71) (35,37) (11,12) (96,104) (56,60) (70,72) (58,64) (19,24) (66,81) (52,63) (52,67) (57,72) (16,16) (60,68) (65,80) (64,79) (41,45)
(56,61) (16,18) (92,114) (96,112) (80,100) (91,97) (12,14) (18,19) (59,64) (43,51) (19,24) (82,97) (23,25) (78,82) (60,67) (79,102) (59,73) (32,37) (28,31) (20,24)
(74,76) (78,95) (74,80) (42,44) (3,4) (29,33) (7,7) (81,97) (59,68) (13,14) (81,86) (21,26) (76,94) (77,89) (56,61) (51,60) (6,6) (84,94) (22,27) (95,117)
(81,98) (9,11) (70,83) (85,92) (80,86) (85,95) (75,82) (63,66) (23,28) (7,8) (34,36) (91,114) (32,36) (10,12) (6,6) (84,88) (87,103) (17,21) (91,111) (88,93)
(27,35) (31,37) (91,97) (11,12) (25,29) (65,68) (42,46) (27,33) (68,84) (67,76) (9,11) (79,97) (42,50) (51,62) (46,58) (38,47) (49,62) (72,82) (80,99) (43,46)
(23,29) (43,55) (58,63) (72,82) (29,32) (24,29) (21,21) (14,14) (6,7) (41,43) (19,23) (20,25) (35,43) (69,78) (95,101) (31,36) (5,6) (44,50) (60,74) (81,100)
(87,111) (41,49) (95,98) (64,69) (78,88) (40,44) (90,99) (63,73) (8,9) (54,60) (10,12) (92,113) (27,34) (75,87) (84,103) (26,27) (31,35) (17,20) (2,2) (35,36)
(15,16) (44,45) (93,100) (11,13) (95,117) (39,48) (21,24) (71,81) (77,82) (62,75) (76,89) (86,90) (62,71) (23,30) (36,38) (16,20) (3,3) (70,79) (57,72) (91,98)
(3,3) (28,34) (17,19) (70,88) (89,109) (16,20) (69,80) (67,77) (50,60) (39,48) (89,109) (79,87) (45,54) (40,46) (56,70) (7,8) (42,52) (81,92) (44,48) (81,93)
(64,71) (9,10) (37,37) (60,75) (80,90) (68,85) (33,37) (39,44) (15,16) (82,97) (31,33) (72,82) (66,81) (91,110) (67,81) (77,99) (76,89) (78,86) (29,33) (43,45)
(12,15) (96,110) (26,28) (4,5) (85,110) (96,119) (81,102) (8,9) (67,78) (68,77) (36,38) (19,22) (33,42) (97,120) (26,31) (12,13) (71,78) (91,110) (94,117) (72,86)
(73,78) (1,1) (34,39) (72,77) (34,37) (6,7) (38,38) (33,40) (70,71) (50,60) (16,16) (78,95) (58,72) (9,10) (96,101) (54,59) (37,47) (65,69) (1,1) (8,9)
(26,31) (36,38) (49,53) (21,22) (31,36) (6,7) (34,41) (84,99) (48,61) (38,40) (4,5) (89,106) (47,58) (20,22) (97,121) (61,74) (40,48) (29,34) (4,4) (86,101)
