# int__atai15_15_10  15 jobs  15 machines
15 15
8 2 7 14 12 0 4 3 13 5 9 10 6 1 11
2 8 6 4 11 0 9 7 5 3 1 10 13 14 12
5 11 8 14 12 1 4 9 10 6 13 0 2 3 7
9 13 8 6 12 5 10 2 1 0 14 11 3 4 7
8 10 3 13 14 5 4 0 12 11 9 6 2 1 7
7 2 9 5 10 4 3 1 11 8 6 14 13 0 12
2 10 1 12 14 3 0 4 9 5 11 13 7 8 6
13 6 11 12 8 7 14 5 3 4 0 10 2 1 9
8 4 6 7 0 11 13 12 2 3 10 1 5 14 9
2 6 12 9 8 11 1 3 13 4 10 5 0 7 14
0 9 4 8 10 2 11 12 14 6 3 7 5 1 13
8 1 12 5 7 10 9 4 11 6 13 2 14 0 3
13 14 2 9 7 8 12 4 10 6 1 0 5 11 3
1 0 12 2 13 8 3 14 4 7 6 9 11 10 5
3 13 2 5 9 6 7 4 8 0 12 10 14 1 11
(34,35) (76,88) (78,80) (63,81) (53,57) (14,16) (90,114) (69,72) (14,14) (86,94) (94,114) (47,51) (35,40) (81,94) (1,1)
(80,92) (40,48) (21,26) (28,32) (52,53) (69,73) (16,18) (89,95) (53,58) (63,68) (11,15) (82,94) (62,69) (44,56) (30,30)
(57,62) (41,46) (69,73) (2,2) (50,60) (36,44) (82,95) (78,98) (60,72) (56,68) (65,78) (23,25) (97,116) (91,103) (67,86)
(13,15) (58,63) (33,39) (6,7) (25,31) (57,69) (1,1) (43,54) (94,110) (29,35) (93,99) (89,115) (48,57) (50,52) (15,18)
(92,97) (37,49) (73,89) (96,99) (2,2) (36,40) (66,84) (31,36) (95,112) (61,70) (4,5) (10,12) (48,52) (92,102) (76,81)
(73,84) (28,33) (41,53) (45,53) (55,71) (85,101) (33,40) (13,14) (7,8) (49,52) (23,28) (38,47) (20,22) (96,102) (70,89)
(3,3) (77,82) (66,79) (93,113) (87,98) (31,34) (50,60) (61,70) (83,97) (2,2) (88,91) (63,66) (15,17) (17,21) (25,29)
(22,25) (29,32) (21,24) (53,62) (67,69) (63,75) (87,108) (92,116) (5,6) (37,40) (5,6) (41,43) (16,19) (54,63) (44,56)
(43,50) (58,66) (83,99) (60,63) (49,51) (55,60) (3,3) (39,50) (25,32) (18,21) (14,16) (17,20) (71,74) (34,43) (58,67)
(26,32) (14,15) (76,84) (24,28) (55,58) (67,78) (56,74) (19,20) (28,31) (32,34) (85,90) (29,31) (90,111) (11,13) (11,12)
(67,71) (93,106) (48,62) (2,2) (82,91) (18,22) (28,33) (36,41) (56,72) (31,38) (37,41) (96,102) (87,108) (48,50) (67,82)
(60,71) (7,8) (80,84) (79,92) (56,68) (80,96) (16,19) (1,1) (67,74) (7,7) (3,3) (80,90) (8,9) (12,15) (90,106)
(92,104) (80,98) (4,5) (75,92) (9,11) (78,88) (74,85) (5,6) (49,59) (8,9) (44,54) (4,4) (57,69) (93,98) (74,76)
(32,38) (86,89) (31,34) (66,83) (31,39) (10,12) (43,48) (73,76) (78,86) (49,53) (54,63) (96,107) (44,53) (83,84) (21,27)
(11,14) (35,41) (64,76) (17,21) (42,45) (44,48) (63,79) (70,89) (92,112) (28,33) (85,88) (94,109) (90,114) (66,80) (56,60)
