# int__atai50_20_01  50 jobs  20 machines
50 20
8 19 17 15 1 2 10 7 13 18 5 6 3 4 14 11 16 0 9 12
12 11 3 16 1 2 9 8 18 4 0 19 17 15 5 10 13 14 6 7
8 6 15 14 3 7 19 18 1 11 4 12 17 13 0 2 9 10 16 5
12 9 5 16 0 2 13 18 6 11 1 19 8 14 7 4 15 10 3 17
1 3 13 4 18 5 6 9 7 8 15 0 14 10 12 19 16 17 2 11
16 3 4 14 1 2 10 9 5 0 18 19 8 17 12 15 13 6 7 11
19 4 15 0 12 13 1 7 18 5 9 3 16 8 11 2 6 14 10 17
9 10 8 4 14 5 15 7 18 6 13 19 17 2 16 11 0 12 3 1
9 13 15 7 18 2 11 19 1 8 0 4 3 12 6 16 14 17 10 5
6 11 17 8 16 7 0 14 4 15 2 13 18 1 9 19 10 5 3 12
13 4 7 6 15 11 10 9 3 17 16 5 12 1 8 18 14 0 19 2
3 10 14 0 7 12 9 19 11 5 18 1 13 17 2 6 4 16 15 8
0 10 2 18 14 12 13 1 3 9 17 15 19 4 5 8 16 6 7 11
6 11 9 8 15 17 0 4 14 10 12 2 13 18 5 1 16 19 3 7
1 9 16 17 15 2 5 10 8 14 7 11 13 0 19 3 4 18 12 6
11 17 5 1 12 18 10 9 2 15 16 6 7 8 14 4 0 19 13 3
3 5 13 16 14 11 17 12 7 18 15 8 2 0 9 10 4 6 19 1
16 13 8 17 5 10 18 12 1 4 14 9 6 11 3 7 15 2 0 19
4 14 15 19 17 18 1 9 8 7 6 5 0 3 16 11 10 12 13 2
9 15 13 4 14 8 3 2 5 18 7 16 6 11 10 0 17 12 19 1
18 2 17 16 10 8 12 19 14 1 6 5 0 7 11 3 4 15 13 9
8 17 11 15 3 6 16 13 12 2 19 9 14 4 18 1 7 10 5 0
11 17 10 19 12 18 16 5 15 4 1 13 2 7 0 6 14 9 3 8
18 7 15 9 3 19 16 11 5 13 17 10 12 0 1 14 2 4 6 8
4 17 6 2 18 5 12 7 0 14 11 15 1 19 16 8 3 9 13 10
6 1 15 2 18 11 7 14 10 4 0 3 9 13 12 19 17 8 5 16
15 6 18 17 0 19 1 14 16 9 13 4 5 8 2 12 11 3 7 10
9 17 10 6 3 0 12 18 16 7 14 4 13 1 8 19 11 5 2 15
13 4 17 14 5 11 8 0 9 18 12 16 2 6 15 3 10 1 19 7
2 4 10 12 17 5 7 11 16 15 3 9 0 18 19 6 1 13 8 14
9 2 15 7 11 17 14 6 12 3 19 0 10 1 13 8 16 5 4 18
17 4 19 15 0 3 6 2 12 13 1 8 16 7 5 10 14 18 9 11
13 6 4 12 5 10 11 8 2 18 9 3 14 0 17 1 15 16 19 7
15 2 3 7 13 16 12 14 8 4 5 0 17 10 6 18 9 11 19 1
15 8 10 1 18 11 0 17 4 12 3 19 5 2 14 9 16 7 6 13
4 12 3 18 10 19 17 6 2 1 0 5 7 8 11 14 9 16 13 15
16 17 9 19 7 1 6 8 3 13 15 12 11 2 14 5 18 4 0 10
12 2 0 13 4 16 7 3 18 15 5 9 6 10 11 1 19 14 17 8
15 1 2 16 12 19 0 8 9 5 7 11 18 4 10 3 13 14 6 17
7 0 12 10 1 18 8 5 19 3 11 15 2 16 13 6 17 4 9 14
11 2 10 17 7 4 6 19 16 8 9 0 1 5 12 15 13 18 14 3
15 8 7 5 19 17 18 14 6 16 3 2 10 9 13 12 0 11 4 1
4 3 12 19 7 11 15 0 14 9 10 18 13 5 2 6 8 17 16 1
2 7 4 18 17 1 5 8 13 9 15 3 12 6 11 16 0 19 14 10
13 14 1 2 16 0 11 19 6 7 5 10 15 12 17 9 4 18 3 8
0 16 3 7 2 17 19 4 12 8 5 6 14 9 18 10 13 1 11 15
6 13 12 9 2 19 14 18 4 5 10 7 15 8 3 1 0 11 16 17
8 14 7 10 9 6 0 2 16 12 13 5 19 17 4 15 3 11 18 1
3 10 7 0 1 13 18 17 8 14 16 15 11 19 5 12 4 9 6 2
15 5 18 19 17 9 12 14 1 11 2 7 10 0 4 6 16 8 3 13
(46,59) (40,48) (53,59) (71,88) (50,61) (70,85) (40,44) (74,83) (50,60) (23,27) (5,6) (41,46) (67,74) (10,12) (48,50) (9,10) (78,90) (29,34) (91,106) (16,20)
(83,95) (18,21) (53,63) (41,47) (41,50) (68,73) (65,81) (80,94) (53,64) (47,58) (20,25) (1,1) (55,69) (1,1) (66,75) (56,65) (39,48) (57,71) (65,70) (28,32)
(32,33) (33,38) (75,84) (40,46) (92,115) (2,2) (69,73) (70,85) (18,21) (24,27) (45,54) (87,99) (19,22) (38,41) (41,45) (17,21) (79,82) (70,78) (69,78) (66,71)
(51,54) (40,42) (72,75) (95,104) (26,28) (4,4) (24,29) (12,13) (16,19) (73,94) (6,7) (76,96) (48,50) (37,41) (1,1) (26,32) (42,46) (72,82) (1,1) (17,19)
(22,27) (96,106) (7,9) (7,7) (69,78) (24,28) (18,22) (79,83) (22,23) (69,76) (48,56) (91,101) (31,39) (66,68) (66,75) (22,23) (12,13) (28,32) (66,78) (84,101)
(51,62) (50,58) (44,44) (37,41) (61,79) (11,13) (61,63) (20,22) (54,67) (14,18) (79,83) (77,93) (52,63) (47,52) (36,43) (36,41) (41,42) (79,83) (85,98) (58,61)
(79,97) (42,44) (55,69) (1,1) (89,105) (11,11) (40,42) (48,61) (66,81) (2,2) (4,4) (65,72) (19,25) (53,56) (45,50) (36,36) (32,38) (54,57) (13,15) (49,51)
(44,54) (11,13) (62,71) (58,66) (68,78) (37,46) (43,54) (60,74) (66,79) (69,89) (73,75) (56,73) (15,17) (26,30) (87,108) (63,75) (56,65) (47,54) (93,116) (37,45)
(91,107) (2,2) (84,101) (90,93) (45,50) (85,109) (90,101) (92,112) (34,40) (1,1) (77,101) (61,72) (67,81) (55,60) (7,8) (32,35) (21,23) (34,43) (62,67) (58,71)
(86,111) (21,24) (60,74) (18,22) (74,87) (20,20) (42,52) (57,70) (79,90) (12,15) (53,68) (14,16) (21,23) (43,52) (85,110) (30,35) (71,82) (90,99) (46,48) (68,71)
(60,73) (82,103) (3,4) (72,81) (33,41) (35,37) (76,88) (88,100) (53,58) (96,97) (22,26) (68,74) (10,12) (4,4) (72,93) (38,47) (82,94) (83,97) (90,94) (64,66)
(66,73) (72,81) (71,89) (93,113) (62,68) (32,34) (94,111) (4,4) (61,68) (31,33) (1,1) (98,98) (39,48) (64,67) (71,80) (20,22) (7,8) (61,76) (31,34) (25,32)
(41,42) (63,65) (34,41) (68,87) (19,19) (47,52) (87,96) (59,62) (78,87) (61,73) (28,30) (21,27) (74,89) (65,75) (59,70) (22,25) (80,95) (32,38) (92,113) (41,45)
(17,17) (40,44) (39,49) (27,28) (6,7) (60,66) (82,100) (93,98) (43,51) (88,96) (76,96) (39,41) (66,80) (78,88) (1,1) (20,21) (95,118) (62,67) (59,71) (68,71)
(37,44) (89,101) (37,46) (7,7) (83,97) (59,67) (60,63) (73,82) (62,73) (72,88) (3,3) (74,80) (3,3) (47,52) (71,85) (67,67) (39,46) (31,36) (68,76) (24,31)
(9,10) (79,99) (29,31) (3,3) (30,31) (92,116) (83,93) (49,52) (34,35) (90,111) (55,66) (78,80) (32,34) (73,84) (34,35) (60,66) (70,84) (44,53) (22,25) (72,89)
(21,21) (46,47) (33,38) (53,67) (22,25) (64,75) (20,22) (72,88) (73,91) (96,101) (27,29) (52,61) (80,96) (95,111) (79,98) (72,88) (78,96) (73,83) (18,20) (77,93)
(51,59) (30,37) (37,47) (69,81) (22,24) (15,18) (64,66) (25,28) (54,58) (34,41) (12,15) (64,76) (86,102) (38,43) (82,96) (88,110) (76,80) (21,27) (66,69) (43,47)
(62,63) (95,110) (17,21) (90,117) (71,85) (49,61) (34,43) (56,68) (37,44) (64,78) (67,73) (59,63) (90,109) (66,71) (31,35) (39,44) (11,13) (72,88) (95,115) (49,51)
(67,78) (36,39) (38,40) (13,16) (75,82) (74,82) (6,7) (6,7) (52,59) (40,50) (70,88) (68,74) (45,48) (24,26) (44,54) (49,59) (12,14) (37,42) (89,95) (53,62)
(91,94) (95,108) (8,10) (26,27) (53,61) (72,87) (3,3) (41,50) (5,5) (24,25) (71,74) (84,90) (55,67) (19,22) (97,102) (37,45) (74,75) (72,82) (42,45) (24,27)
(82,94) (14,17) (63,78) (93,112) (11,13) (35,37) (19,23) (5,6) (69,88) (37,46) (79,93) (10,11) (26,30) (27,34) (87,112) (8,9) (82,94) (10,11) (61,69) (68,73)
(22,27) (54,63) (52,62) (49,62) (49,59) (9,10) (15,18) (35,37) (20,23) (77,85) (49,62) (80,105) (39,47) (58,63) (46,53) (27,28) (65,80) (42,48) (39,45) (80,91)
(5,6) (72,81) (43,52) (16,17) (10,11) (88,108) (21,27) (35,41) (7,7) (70,86) (76,89) (68,83) (10,10) (23,24) (76,85) (76,95) (54,61) (41,45) (16,17) (48,50)
(36,37) (94,102) (80,84) (12,12) (91,94) (83,106) (62,71) (86,98) (28,35) (55,67) (55,69) (22,28) (4,5) (92,103) (77,82) (12,12) (81,92) (52,56) (5,6) (74,85)
(57,63) (59,67) (64,70) (75,80) (67,83) (49,56) (37,41) (95,116) (70,87) (92,115) (57,72) (41,47) (5,6) (18,23) (26,32) (52,63) (69,70) (2,2) (53,58) (51,52)
(4,5) (7,8) (35,41) (34,43) (79,83) (93,114) (50,56) (57,68) (90,104) (5,6) (61,62) (4,4) (43,50) (30,37) (93,108) (74,82) (40,51) (96,111) (30,31) (44,51)
(87,88) (74,83) (80,100) (39,42) (58,61) (90,109) (78,87) (23,29) (19,21) (44,55) (92,100) (22,24) (87,92) (90,106) (80,81) (93,109) (23,28) (43,44) (54,67) (52,55)
(5,5) (99,101) (59,74) (86,104) (61,70) (34,37) (76,96) (31,32) (4,4) (18,19) (26,31) (83,105) (71,80) (26,27) (90,107) (43,51) (34,37) (53,60) (26,32) (22,27)
(91,116) (92,116) (11,11) (14,16) (95,110) (85,99) (40,46) (25,31) (48,51) (71,83) (20,24) (6,6) (64,83) (86,106) (44,49) (82,89) (11,13) (87,104) (85,91) (64,82)
(48,60) (69,87) (68,75) (5,5) (58,63) (29,30) (17,21) (29,36) (96,106) (59,75) (85,100) (57,66) (6,6) (60,61) (81,102) (92,108) (23,25) (25,30) (22,27) (55,71)
(75,85) (59,67) (76,92) (47,58) (84,93) (51,58) (94,120) (8,10) (55,63) (94,105) (55,66) (68,74) (56,66) (89,105) (49,58) (95,111) (56,66) (43,51) (69,87) (35,38)
(44,48) (22,22) (11,13) (48,59) (32,38) (30,36) (78,82) (71,75) (75,89) (47,51) (54,60) (61,71) (55,61) (87,103) (71,89) (93,105) (92,119) (13,16) (97,105) (44,51)
(25,30) (96,116) (70,81) (67,74) (8,9) (69,80) (56,69) (38,41) (79,103) (17,18) (87,111) (30,37) (80,89) (6,7) (95,102) (95,115) (80,98) (80,101) (51,54) (80,101)
(42,43) (76,83) (71,80) (18,24) (80,81) (30,34) (65,69) (90,107) (18,19) (15,17) (74,78) (55,69) (90,112) (33,35) (63,76) (8,10) (62,68) (66,74) (80,94) (41,51)
(40,43) (41,49) (67,79) (79,87) (95,105) (15,18) (43,46) (52,57) (46,52) (34,43) (71,78) (78,85) (78,93) (4,4) (3,3) (4,4) (93,110) (51,58) (14,16) (77,95)
(6,7) (6,7) (12,14) (85,101) (25,32) (51,62) (67,86) (90,102) (81,87) (30,33) (85,92) (97,105) (98,118) (68,73) (72,88) (7,8) (42,52) (86,97) (1,1) (90,99)
(42,45) (52,67) (35,42) (40,46) (68,69) (47,60) (44,55) (57,68) (42,52) (63,67) (70,83) (65,69) (52,55) (46,53) (90,93) (97,105) (58,73) (71,85) (26,30) (46,55)
(9,10) (16,19) (55,69) (27,32) (48,54) (55,65) (53,56) (83,95) (42,47) (45,58) (29,35) (80,83) (76,84) (41,43) (73,79) (10,12) (69,77) (38,41) (27,29) (2,2)
(28,32) (88,111) (85,103) (49,56) (85,96) (33,39) (70,91) (12,13) (13,15) (50,54) (1,1) (38,42) (74,80) (91,106) (59,74) (43,44) (35,42) (22,28) (80,97) (30,32)
(20,23) (94,105) (4,5) (84,103) (20,22) (55,65) (33,42) (60,70) (77,91) (11,13) (32,35) (17,17) (3,3) (42,46) (37,41) (43,53) (44,48) (17,20) (3,3) (80,101)
(28,36) (6,6) (43,51) (15,15) (60,74) (28,31) (94,104) (89,99) (12,14) (8,8) (48,59) (45,49) (72,74) (86,97) (7,8) (30,30) (27,33) (13,15) (27,33) (40,45)
(38,45) (10,12) (92,107) (6,7) (71,84) (36,40) (72,78) (86,102) (42,52) (65,77) (77,80) (46,47) (59,66) (6,6) (63,75) (18,19) (2,2) (6,7) (89,98) (35,45)
(21,25) (20,23) (50,52) (92,98) (49,56) (42,45) (50,56) (36,37) (83,91) (17,21) (43,55) (58,69) (65,76) (3,4) (6,6) (19,22) (81,87) (95,102) (29,33) (9,9)
(16,19) (53,63) (51,55) (56,70) (45,51) (82,84) (1,1) (74,92) (25,26) (7,8) (67,70) (88,107) (28,32) (73,77) (32,37) (50,60) (4,4) (74,79) (73,86) (73,78)
(27,29) (53,65) (86,99) (25,29) (92,105) (67,79) (14,15) (52,67) (28,35) (14,17) (8,10) (1,1) (59,73) (12,14) (15,20) (41,49) (80,93) (34,42) (18,20) (76,86)
(54,63) (7,7) (31,31) (54,58) (82,95) (35,40) (81,86) (61,63) (34,42) (52,59) (51,61) (75,79) (79,90) (92,106) (78,83) (25,25) (23,27) (56,64) (23,28) (79,79)
(32,36) (48,58) (22,27) (67,80) (57,68) (49,57) (76,85) (81,87) (45,50) (85,89) (27,27) (18,21) (33,35) (46,57) (4,5) (40,48) (54,66) (40,49) (25,26) (66,77)
(30,35) (83,102) (9,11) (33,35) (60,72) (79,85) (58,63) (40,46) (55,72) (94,105) (83,101) (17,21) (55,57) (2,2) (91,116) (20,23) (50,52) (13,14) (30,34) (94,116)
(60,74) (92,112) (8,9) (3,4) (26,31) (19,19) (35,43) (97,120) (86,104) (59,62) (83,102) (21,26) (35,38) (10,13) (11,13) (66,73) (82,97) (33,40) (48,50) (96,117)
