# int__atai30_15_02  30 jobs  15 machines
30 15
13 0 10 2 12 8 5 6 4 14 1 11 9 3 7
7 3 0 12 13 14 8 1 10 4 11 2 6 9 5
12 14 10 1 13 5 3 11 6 2 4 7 8 0 9
14 13 1 12 7 0 4 5 3 2 6 8 11 10 9
7 5 1 3 8 12 2 13 0 4 6 10 11 14 9
11 5 4 14 10 3 0 9 7 12 6 2 13 8 1
5 8 12 9 3 2 14 4 1 13 7 0 11 6 10
7 14 5 9 3 1 4 10 12 2 6 13 11 0 8
10 14 6 5 13 12 3 8 0 7 2 9 4 11 1
6 5 4 3 12 14 7 9 1 13 11 8 2 0 10
5 1 0 11 13 6 12 7 2 9 3 4 10 8 14
12 13 0 3 2 5 10 11 4 1 7 14 9 6 8
11 0 9 12 7 2 13 8 5 4 3 1 14 6 10
5 8 13 10 14 7 9 0 12 2 6 4 11 3 1
9 3 10 5 2 6 7 11 4 1 12 13 14 8 0
1 7 2 5 6 9 10 8 14 11 4 12 0 3 13
13 11 5 2 0 6 8 9 10 4 7 1 12 14 3
9 8 1 10 3 2 6 11 0 7 5 12 13 14 4
5 12 3 0 13 10 7 9 6 14 1 4 2 8 11
5 10 11 7 4 6 9 0 8 12 2 3 1 13 14
10 14 3 1 11 13 9 12 6 8 0 5 2 7 4
14 12 8 13 6 9 5 2 7 10 3 1 4 11 0
11 8 7 6 0 9 13 10 12 5 2 14 1 4 3
1 9 12 7 5 8 13 2 3 14 6 0 10 11 4
2 5 13 0 9 3 8 1 12 14 6 4 10 11 7
1 8 7 14 10 3 5 6 4 12 13 11 0 2 9
2 14 3 13 10 5 12 7 1 8 0 11 4 6 9
14 4 3 2 9 0 8 6 7 11 1 13 12 5 10
9 12 5 4 2 3 0 13 8 7 6 10 1 11 14
11 6 7 8 5 14 13 3 10 1 12 0 2 9 4
(76,92) (30,34) (42,50) (84,91) (15,18) (97,101) (82,97) (52,63) (28,34) (47,57) (9,9) (14,17) (91,96) (72,75) (94,100)
(73,78) (85,110) (47,52) (14,17) (52,61) (36,44) (53,55) (63,76) (43,47) (90,97) (12,15) (70,82) (42,43) (98,118) (40,48)
(48,54) (51,63) (25,29) (89,106) (3,3) (2,2) (39,45) (42,44) (92,112) (7,8) (66,81) (73,73) (70,78) (29,31) (13,15)
(28,30) (47,51) (13,14) (87,91) (60,67) (10,11) (28,32) (61,77) (33,34) (7,7) (47,48) (39,41) (56,70) (76,85) (84,89)
(38,45) (12,12) (33,42) (88,93) (46,50) (69,81) (43,49) (95,121) (23,28) (88,105) (88,96) (40,41) (88,107) (52,58) (84,104)
(29,37) (63,67) (57,65) (35,44) (68,75) (53,58) (68,84) (9,10) (53,59) (69,81) (66,84) (33,34) (60,72) (12,14) (85,97)
(64,80) (40,41) (34,40) (37,41) (63,77) (62,70) (14,15) (76,90) (1,1) (63,68) (2,2) (65,68) (55,56) (73,78) (25,27)
(22,25) (96,111) (65,83) (54,59) (40,50) (88,105) (24,26) (92,109) (73,77) (36,40) (8,8) (83,99) (72,91) (64,72) (74,80)
(42,47) (32,41) (39,41) (51,58) (82,89) (11,12) (58,63) (83,100) (12,14) (38,47) (62,67) (46,53) (38,44) (64,74) (74,80)
(86,89) (30,33) (63,65) (49,61) (49,51) (77,81) (6,6) (79,85) (20,22) (30,35) (11,14) (40,42) (41,51) (73,77) (72,74)
(7,9) (66,82) (68,80) (52,54) (52,65) (33,38) (19,23) (84,90) (12,15) (34,41) (83,100) (74,91) (2,2) (92,110) (52,60)
(32,38) (8,8) (74,92) (74,90) (50,59) (64,73) (54,60) (7,7) (78,97) (80,88) (68,76) (33,33) (81,97) (37,43) (46,56)
(53,56) (93,121) (77,82) (71,87) (68,87) (81,95) (27,35) (14,17) (20,23) (94,103) (6,6) (29,34) (50,60) (65,76) (41,46)
(10,12) (86,99) (14,16) (68,79) (29,34) (76,91) (69,81) (55,69) (77,90) (53,63) (97,116) (88,92) (26,29) (35,41) (84,99)
(88,99) (93,100) (69,79) (13,14) (92,116) (64,81) (44,45) (45,49) (70,81) (68,81) (25,26) (18,21) (30,39) (10,11) (45,56)
(46,56) (5,6) (14,14) (46,58) (79,93) (84,90) (62,65) (89,104) (5,6) (56,72) (74,91) (54,61) (48,61) (5,6) (5,5)
(45,48) (94,114) (59,71) (66,69) (2,2) (9,11) (91,102) (38,43) (64,79) (24,27) (65,67) (54,66) (78,88) (73,86) (45,51)
(73,91) (52,57) (48,51) (43,51) (91,97) (29,37) (83,86) (73,81) (56,58) (45,49) (69,78) (41,46) (59,74) (58,63) (78,86)
(5,5) (41,46) (62,71) (41,49) (28,34) (39,43) (35,38) (49,52) (64,75) (6,6) (14,15) (20,22) (82,104) (40,48) (69,80)
(7,8) (35,38) (53,67) (88,92) (97,120) (30,38) (33,33) (70,87) (21,21) (61,61) (1,1) (29,34) (84,91) (78,88) (30,39)
(77,96) (82,90) (47,52) (49,62) (41,50) (16,18) (44,51) (61,76) (20,23) (12,14) (7,8) (1,1) (64,71) (21,23) (36,38)
(91,113) (74,88) (56,60) (24,28) (89,94) (70,80) (83,95) (71,74) (71,75) (83,89) (6,7) (69,82) (85,99) (18,19) (65,83)
(7,9) (28,33) (15,15) (3,3) (60,63) (53,62) (88,99) (1,1) (27,31) (20,25) (63,66) (91,112) (18,20) (22,26) (47,50)
(72,84) (12,14) (44,46) (37,39) (68,82) (34,37) (6,7) (31,36) (48,54) (32,40) (14,17) (33,35) (91,106) (81,94) (11,12)
(83,89) (54,57) (69,84) (78,84) (80,91) (55,68) (72,85) (47,50) (53,67) (89,96) (9,11) (16,16) (40,47) (68,83) (61,69)
(29,29) (65,77) (17,20) (53,57) (51,54) (77,97) (45,50) (84,103) (33,34) (29,34) (74,86) (72,81) (26,30) (50,58) (64,67)
(57,63) (17,18) (17,22) (61,63) (80,102) (69,79) (5,6) (92,103) (74,90) (89,109) (86,93) (33,37) (52,59) (65,80) (85,105)
(79,94) (52,59) (95,119) (19,20) (19,20) (64,81) (26,29) (77,82) (58,72) (83,104) (38,41) (7,8) (45,47) (31,38) (84,88)
(66,78) (52,54) (25,28) (64,81) (88,98) (50,62) (78,94) (49,61) (26,31) (91,95) (22,24) (56,69) (96,104) (50,53) (69,81)
(62,67) (56,68) (29,32) (5,5) (29,36) (13,16) (38,44) (30,37) (16,19) (67,80) (31,33) (79,92) (4,4) (26,32) (26,27)
