# int__atai50_20_10  50 jobs  20 machines
50 20
10 1 2 7 17 4 3 18 0 14 6 19 15 16 13 12 5 11 9 8
11 3 7 18 12 5 13 6 4 14 10 2 1 16 19 0 15 9 8 17
14 19 5 11 16 12 1 8 6 4 2 9 18 10 17 0 13 3 7 15
10 16 15 2 14 1 11 7 5 18 12 0 4 8 17 6 9 3 19 13
19 8 4 14 12 13 2 9 3 0 1 10 17 6 18 11 16 7 5 15
0 9 11 18 3 15 2 17 10 8 13 12 14 4 5 1 6 16 7 19
0 8 12 5 11 16 7 2 15 3 10 18 6 13 14 19 17 1 4 9
10 15 19 17 6 1 14 0 16 7 4 18 13 3 2 12 11 9 8 5
11 6 7 1 17 9 12 18 0 8 4 15 14 5 3 10 19 16 2 13
13 18 8 14 11 16 10 15 0 9 1 4 19 7 3 2 5 12 17 6
18 8 14 2 5 1 6 13 0 17 15 3 16 11 10 19 7 4 9 12
6 18 16 12 0 17 1 11 15 7 4 2 10 8 19 13 14 5 9 3
19 13 18 11 6 3 5 14 16 4 7 15 10 17 12 8 1 9 0 2
1 15 17 14 10 13 4 9 0 18 11 12 16 19 8 2 7 5 6 3
5 15 3 14 0 4 12 1 9 6 8 11 10 17 2 19 7 13 18 16
13 19 18 12 11 14 17 1 2 6 0 15 7 10 3 9 5 8 4 16
16 5 14 7 17 0 3 1 6 2 12 8 9 11 13 19 10 4 18 15
15 1 11 17 19 0 8 18 2 6 14 16 9 5 7 3 12 4 10 13
5 1 17 3 18 10 12 19 7 15 0 2 6 11 9 14 8 13 4 16
12 19 6 13 11 5 14 8 7 2 18 0 4 17 1 15 10 9 16 3
12 13 11 0 10 15 8 7 3 9 5 14 18 1 6 19 17 4 16 2
12 18 13 6 2 14 7 10 3 17 19 15 8 11 1 0 9 4 16 5
9 14 5 17 7 10 16 1 8 6 11 12 2 0 4 19 3 15 18 13
6 19 14 13 11 8 5 4 12 2 9 0 10 16 18 17 7 1 3 15
4 2 11 12 14 8 17 0 9 18 19 3 5 13 16 6 1 10 15 7
8 9 17 2 19 14 13 4 0 11 15 6 5 3 1 16 7 12 18 10
16 12 2 0 1 3 13 4 14 9 5 11 15 8 19 17 18 6 10 7
19 14 2 16 17 5 8 12 6 3 13 10 7 11 9 1 0 15 4 18
17 18 7 1 3 9 6 16 14 12 11 0 5 2 4 8 13 15 19 10
4 9 13 6 5 8 2 16 7 0 12 11 18 17 19 1 3 14 10 15
4 6 9 11 8 10 13 7 5 2 0 3 14 12 19 1 16 17 18 15
6 0 4 12 19 11 2 16 1 17 8 15 18 14 9 7 5 10 3 13
9 14 2 18 15 8 17 0 5 16 11 4 10 13 3 6 7 12 19 1
2 9 7 6 14 17 11 12 18 8 1 10 4 16 13 15 19 5 0 3
7 18 0 10 17 2 12 4 3 19 8 13 1 11 14 6 9 16 15 5
1 16 17 8 9 11 3 2 6 7 18 5 19 15 4 12 14 10 0 13
3 10 14 19 12 11 0 4 8 13 7 9 15 1 16 5 17 6 2 18
15 1 8 5 17 2 11 18 16 19 12 6 3 14 10 9 4 13 7 0
5 2 13 14 15 10 16 8 19 17 1 0 7 4 6 12 11 9 18 3
15 0 7 16 9 19 5 12 2 1 17 13 18 6 3 10 8 11 4 14
15 6 3 2 8 18 5 19 11 9 0 13 16 1 17 10 14 12 4 7
10 12 19 18 8 2 1 0 6 4 5 16 15 14 13 9 7 17 3 11
11 16 17 1 0 9 4 3 6 10 18 14 7 5 8 12 15 2 13 19
4 13 17 6 8 19 12 0 5 16 1 10 7 9 18 2 3 15 14 11
6 18 10 19 2 0 15 11 4 12 8 1 7 14 17 9 5 3 16 13
7 19 0 1 3 13 17 2 8 14 4 16 12 5 9 10 11 6 18 15
2 18 19 0 14 11 13 4 7 5 15 12 17 10 9 3 1 8 16 6
2 12 17 18 16 5 6 8 15 9 19 13 10 7 4 3 11 14 0 1
10 7 16 5 12 0 14 3 1 11 13 18 15 17 9 4 19 8 2 6
14 8 12 11 19 17 3 10 2 9 0 13 16 18 5 7 6 1 15 4
(20,25) (21,25) (36,43) (31,35) (24,25) (71,75) (75,76) (60,73) (2,2) (17,19) (66,72) (48,60) (64,66) (76,92) (63,71) (34,42) (66,83) (73,91) (95,110) (80,83)
(72,87) (86,96) (26,27) (40,47) (50,50) (12,14) (91,95) (15,16) (74,85) (72,86) (47,57) (53,62) (44,54) (57,62) (81,94) (74,90) (1,1) (90,105) (33,38) (58,70)
(64,70) (62,72) (52,56) (63,74) (28,33) (48,56) (73,84) (16,19) (11,11) (92,115) (86,88) (65,74) (4,5) (10,11) (52,55) (84,90) (58,61) (62,75) (39,46) (47,54)
(31,38) (71,86) (2,2) (4,4) (84,96) (79,90) (89,98) (91,112) (26,33) (50,59) (4,4) (40,44) (20,22) (75,90) (68,85) (5,6) (75,80) (78,90) (38,47) (31,39)
(18,20) (12,15) (88,93) (45,53) (57,65) (90,107) (84,95) (71,86) (5,6) (53,62) (41,52) (58,69) (31,39) (16,16) (85,97) (67,72) (7,8) (16,16) (78,100) (4,5)
(59,62) (53,57) (3,3) (42,45) (25,28) (18,22) (56,62) (74,80) (33,37) (39,48) (17,19) (3,4) (93,113) (79,90) (26,28) (22,27) (96,120) (23,27) (65,69) (28,35)
(82,94) (79,95) (18,23) (54,64) (84,87) (90,107) (47,53) (36,46) (37,46) (32,37) (89,108) (62,69) (50,57) (43,50) (68,79) (4,5) (29,30) (53,61) (82,88) (20,25)
(45,52) (8,8) (5,5) (28,30) (32,38) (33,38) (3,3) (10,12) (44,54) (69,73) (74,91) (1,1) (61,65) (76,79) (48,60) (2,2) (18,21) (88,105) (83,104) (21,23)
(16,18) (47,48) (7,7) (19,24) (9,9) (89,110) (22,27) (76,83) (68,86) (20,22) (20,21) (71,86) (70,73) (90,107) (88,96) (17,17) (9,9) (37,39) (22,25) (34,35)
(6,7) (72,76) (28,33) (95,108) (79,87) (26,28) (41,50) (35,43) (30,35) (61,78) (33,35) (25,28) (97,99) (46,56) (69,76) (5,6) (53,57) (21,26) (14,16) (19,21)
(77,83) (11,15) (93,108) (84,85) (22,26) (15,19) (57,70) (94,109) (67,73) (68,73) (80,88) (12,16) (44,55) (59,64) (26,31) (26,29) (11,14) (85,96) (79,94) (82,97)
(26,33) (78,88) (2,2) (28,31) (59,71) (2,2) (39,47) (76,92) (62,71) (66,74) (38,42) (65,78) (38,44) (62,66) (56,63) (76,89) (92,104) (11,14) (73,78) (47,58)
(94,116) (60,72) (10,10) (67,75) (41,44) (58,62) (71,74) (50,52) (80,95) (72,75) (36,38) (93,120) (62,71) (45,55) (44,50) (41,45) (18,20) (42,52) (93,116) (54,68)
(23,23) (69,87) (23,29) (4,4) (86,90) (90,104) (83,90) (80,97) (74,84) (44,48) (89,100) (92,98) (22,26) (29,34) (6,7) (3,3) (33,35) (12,12) (49,60) (15,17)
(7,9) (55,57) (26,32) (29,32) (79,85) (56,68) (85,97) (69,81) (67,82) (97,120) (25,27) (31,34) (96,101) (34,37) (36,45) (13,15) (84,95) (81,106) (13,17) (34,41)
(20,24) (68,69) (1,1) (74,89) (43,46) (4,4) (48,54) (39,45) (72,88) (80,101) (48,51) (96,107) (41,51) (78,81) (10,11) (70,79) (35,38) (28,29) (63,68) (30,35)
(72,76) (52,63) (40,43) (45,49) (80,89) (98,112) (98,111) (57,61) (13,16) (83,95) (66,71) (23,29) (54,54) (32,38) (31,36) (94,122) (73,75) (65,68) (23,24) (55,60)
(14,16) (31,37) (76,91) (79,101) (34,43) (37,45) (37,43) (37,43) (58,67) (86,96) (67,76) (79,83) (25,30) (44,47) (88,100) (18,20) (75,79) (96,103) (72,93) (23,27)
(60,64) (90,104) (6,7) (57,66) (25,28) (25,27) (35,42) (86,105) (9,10) (35,37) (54,63) (5,6) (70,84) (87,105) (4,4) (60,62) (74,86) (42,48) (81,96) (43,56)
(46,50) (86,94) (48,54) (85,91) (13,16) (60,74) (53,56) (56,63) (26,30) (85,106) (10,10) (83,97) (97,102) (4,5) (82,84) (61,76) (71,76) (29,37) (67,70) (85,100)
(1,1) (3,3) (83,95) (78,88) (40,44) (72,85) (97,103) (88,112) (70,78) (51,54) (56,70) (35,42) (73,95) (4,4) (75,87) (21,24) (67,85) (65,75) (6,7) (16,18)
(77,92) (88,107) (23,26) (35,37) (44,53) (77,81) (76,92) (63,72) (2,2) (87,113) (61,70) (39,48) (38,45) (94,97) (62,78) (5,6) (79,85) (68,88) (31,36) (68,84)
(3,3) (67,84) (54,68) (13,14) (80,102) (13,15) (12,15) (96,101) (83,93) (10,12) (69,78) (57,69) (86,100) (73,91) (79,99) (29,35) (54,59) (98,123) (67,77) (65,71)
(34,37) (72,85) (56,66) (17,18) (55,68) (61,71) (67,74) (73,78) (82,98) (10,11) (35,39) (79,92) (12,14) (89,99) (36,40) (81,97) (1,1) (41,50) (95,100) (78,85)
(32,32) (10,11) (37,42) (56,70) (23,24) (55,66) (80,102) (77,88) (77,88) (95,102) (95,98) (66,81) (79,93) (15,16) (5,6) (34,43) (10,11) (24,30) (95,98) (43,46)
(55,57) (39,46) (98,116) (26,29) (90,105) (12,13) (32,41) (3,3) (68,79) (5,5) (86,98) (25,31) (64,81) (80,93) (38,41) (88,94) (77,84) (56,68) (60,72) (5,6)
(66,74) (40,51) (24,28) (80,94) (32,39) (67,84) (37,39) (21,23) (94,111) (96,98) (6,7) (64,75) (51,56) (45,54) (70,87) (41,51) (39,41) (34,41) (22,27) (32,33)
(14,14) (36,41) (32,33) (37,41) (61,76) (65,72) (13,14) (70,89) (74,92) (65,67) (38,46) (53,64) (54,60) (15,15) (90,110) (36,44) (7,8) (51,66) (53,60) (37,40)
(80,104) (74,81) (6,6) (44,49) (90,108) (73,91) (12,14) (94,99) (23,28) (86,110) (52,58) (52,52) (49,61) (92,99) (76,90) (80,102) (43,51) (36,41) (78,86) (5,6)
(67,75) (28,29) (31,33) (65,75) (58,66) (22,28) (82,87) (52,67) (39,51) (78,90) (56,59) (45,50) (19,22) (37,44) (87,109) (21,25) (5,6) (63,76) (63,79) (16,18)
(56,61) (47,55) (1,1) (76,92) (9,11) (64,75) (83,97) (20,22) (35,35) (96,100) (81,91) (43,49) (18,19) (20,26) (19,24) (37,44) (89,95) (81,88) (44,51) (53,56)
(46,49) (12,15) (42,54) (74,86) (30,40) (14,18) (48,50) (4,5) (29,32) (76,94) (63,68) (39,44) (71,74) (51,57) (61,70) (75,91) (17,21) (89,109) (3,3) (90,113)
(94,119) (7,8) (47,50) (53,68) (36,39) (3,4) (16,19) (91,106) (9,10) (19,20) (90,106) (56,72) (8,8) (31,33) (59,70) (5,6) (62,78) (3,4) (55,61) (96,122)
(89,109) (63,78) (38,47) (85,94) (20,24) (11,14) (15,17) (54,56) (58,66) (81,87) (17,18) (15,17) (45,51) (45,47) (83,87) (87,102) (1,1) (21,25) (56,73) (54,59)
(76,82) (84,96) (82,93) (25,31) (4,5) (60,65) (69,86) (80,95) (43,45) (48,54) (16,21) (70,89) (14,17) (45,53) (45,47) (80,83) (71,76) (11,12) (56,58) (2,2)
(13,14) (48,51) (74,76) (40,49) (3,3) (13,13) (93,109) (97,98) (28,32) (48,50) (58,71) (64,71) (27,29) (63,64) (35,43) (46,58) (76,79) (81,86) (31,35) (84,88)
(57,69) (72,82) (39,47) (73,80) (45,46) (19,20) (50,59) (38,49) (93,107) (39,48) (61,73) (74,92) (35,38) (5,6) (79,84) (46,57) (35,38) (22,28) (6,6) (3,3)
(88,111) (62,64) (1,1) (65,69) (2,2) (83,88) (43,47) (73,86) (30,31) (64,67) (66,82) (33,41) (35,43) (62,69) (49,62) (90,107) (35,43) (18,19) (39,41) (52,63)
(39,46) (11,13) (8,8) (28,35) (25,29) (62,73) (25,28) (16,21) (50,57) (23,25) (84,107) (67,80) (85,104) (79,100) (36,37) (29,32) (93,119) (18,21) (93,118) (67,79)
(64,71) (60,68) (58,74) (62,75) (93,108) (79,85) (82,101) (5,5) (48,59) (41,48) (49,54) (66,83) (84,88) (13,16) (83,104) (40,44) (30,32) (65,69) (84,95) (20,24)
(45,56) (21,25) (2,2) (80,89) (58,72) (55,67) (83,90) (71,76) (35,46) (54,68) (70,77) (62,76) (19,20) (41,50) (50,57) (87,106) (2,2) (1,1) (1,1) (29,31)
(73,77) (27,34) (87,105) (90,97) (67,84) (26,31) (42,49) (98,104) (7,9) (23,26) (26,32) (15,18) (86,94) (60,74) (27,31) (62,71) (87,103) (70,81) (89,113) (64,77)
(73,86) (20,20) (53,60) (52,54) (13,17) (55,59) (2,2) (77,94) (61,75) (12,14) (10,11) (1,1) (57,66) (1,1) (64,83) (52,53) (72,76) (17,21) (77,88) (12,13)
(73,79) (84,88) (75,90) (54,59) (72,79) (36,46) (35,37) (48,55) (49,60) (89,106) (51,53) (75,96) (83,88) (29,32) (82,91) (58,64) (89,103) (59,63) (30,36) (3,3)
(76,93) (26,32) (37,45) (58,67) (66,75) (59,64) (38,49) (7,9) (19,25) (7,8) (97,114) (74,93) (18,22) (82,85) (37,47) (64,71) (42,47) (38,40) (78,89) (78,90)
(60,73) (70,85) (87,98) (40,52) (67,79) (73,80) (33,40) (79,92) (19,19) (63,73) (51,57) (92,105) (85,111) (3,3) (54,67) (89,96) (91,116) (24,24) (10,12) (99,108)
(73,78) (10,10) (6,7) (66,74) (22,23) (49,50) (4,5) (28,33) (33,37) (14,16) (45,53) (31,38) (64,68) (28,31) (65,80) (63,67) (58,74) (38,43) (64,66) (19,19)
(91,111) (74,84) (35,37) (95,120) (37,46) (8,10) (69,73) (80,90) (42,44) (83,99) (32,38) (89,96) (30,35) (33,36) (86,100) (35,43) (1,1) (34,44) (90,97) (31,38)
(24,30) (66,68) (58,73) (40,43) (18,21) (4,5) (89,110) (71,77) (32,34) (93,109) (57,63) (60,76) (38,43) (5,6) (10,11) (43,54) (27,30) (50,57) (23,28) (77,88)
(30,36) (97,106) (14,15) (63,68) (85,93) (42,47) (91,102) (31,37) (31,36) (25,28) (22,24) (32,37) (89,103) (41,45) (40,43) (83,97) (25,26) (94,107) (52,64) (96,110)
