# int__atai50_15_06  50 jobs  15 machines
50 15
7 8 0 14 11 6 5 9 13 1 2 12 4 10 3
14 0 6 10 1 11 2 9 8 3 4 5 12 7 13
10 6 3 11 0 5 4 1 13 2 12 14 9 7 8
11 14 3 0 12 9 10 7 5 6 2 8 4 13 1
5 7 0 3 10 1 9 11 8 12 13 14 2 6 4
6 13 1 7 10 0 11 8 9 5 12 14 4 3 2
14 8 3 9 5 0 1 6 2 7 12 10 4 13 11
8 13 0 3 10 1 2 14 11 7 5 6 12 9 4
6 10 1 11 5 4 12 9 2 8 13 14 7 0 3
4 9 6 10 8 1 7 14 13 5 2 11 12 0 3
4 1 3 7 13 5 8 10 12 0 6 14 11 2 9
9 7 10 2 6 12 8 13 14 5 1 0 3 11 4
3 2 12 4 11 7 5 1 14 10 8 9 13 6 0
13 14 1 3 2 11 9 8 6 0 12 10 7 5 4
10 3 2 11 5 9 0 12 8 13 4 7 14 1 6
2 13 14 11 1 5 3 4 8 12 10 0 6 9 7
6 11 3 10 4 2 0 14 7 13 1 12 9 8 5
6 8 10 14 1 5 3 0 9 4 12 11 13 7 2
10 1 2 5 7 12 13 11 0 9 3 8 4 14 6
12 4 11 13 9 8 7 10 0 2 3 6 5 14 1
11 6 0 12 14 7 10 5 2 4 8 13 3 9 1
14 7 9 1 4 13 5 0 2 12 10 11 6 8 3
9 5 1 14 2 3 0 11 12 10 4 8 7 13 6
9 10 3 8 0 5 6 4 12 2 14 1 7 13 11
14 8 9 5 11 0 12 13 4 7 10 1 6 3 2
6 10 7 13 12 3 2 11 5 4 1 0 8 14 9
10 11 9 13 3 7 6 12 0 14 1 4 8 5 2
5 7 3 14 13 10 8 9 1 12 2 0 4 11 6
9 10 4 14 8 6 1 2 11 12 13 0 3 7 5
10 1 4 2 3 12 5 0 9 14 8 7 6 13 11
3 9 11 5 4 2 14 0 12 1 10 13 8 7 6
6 2 12 13 4 0 10 1 5 9 14 7 8 11 3
0 14 11 5 6 7 1 3 4 9 13 10 8 2 12
13 6 4 11 9 5 2 12 14 10 0 3 7 8 1
0 1 13 2 4 7 12 3 10 8 11 6 9 5 14
7 2 4 3 6 9 11 13 10 8 1 14 5 12 0
1 12 2 5 0 7 13 10 14 4 11 6 9 8 3
14 4 9 12 2 13 7 1 5 8 11 0 3 6 10
7 10 2 13 8 0 9 12 3 6 11 4 14 5 1
5 14 4 2 9 0 7 6 12 3 13 1 10 8 11
1 13 0 14 2 12 7 9 8 4 11 10 5 6 3
11 1 0 7 6 14 12 2 5 13 8 10 4 9 3
10 8 11 9 4 5 0 12 1 14 13 2 7 3 6
12 13 9 5 1 6 3 2 0 11 8 4 7 10 14
14 8 9 13 11 10 7 3 4 2 5 0 6 12 1
9 6 12 10 2 7 1 4 0 5 11 3 13 8 14
12 2 1 9 6 14 5 8 3 13 11 0 7 10 4
10 2 11 5 9 0 4 13 7 8 14 3 1 6 12
6 5 10 9 4 12 3 14 0 2 13 8 7 11 1
8 0 14 6 4 5 10 12 9 7 13 3 11 2 1
(32,37) (87,103) (93,110) (87,99) (58,60) (65,73) (48,51) (52,66) (45,55) (1,1) (65,70) (75,85) (35,43) (59,66) (16,20)
(18,22) (70,87) (14,17) (70,80) (37,42) (50,53) (14,17) (69,75) (18,23) (28,31) (3,4) (46,53) (11,12) (52,58) (27,29)
(57,68) (28,36) (81,105) (4,5) (19,19) (34,35) (22,25) (49,57) (68,85) (27,35) (94,107) (23,26) (71,84) (89,99) (51,57)
(14,15) (83,103) (8,9) (84,91) (47,59) (55,68) (83,92) (2,2) (83,96) (59,69) (93,120) (50,59) (39,48) (34,40) (88,96)
(98,119) (5,5) (37,41) (37,46) (3,4) (70,79) (16,19) (61,77) (28,34) (66,77) (14,14) (37,47) (90,109) (55,56) (31,35)
(22,28) (81,92) (33,39) (75,89) (24,27) (43,53) (44,53) (13,16) (78,98) (86,96) (75,84) (54,60) (35,41) (58,65) (92,106)
(24,25) (15,15) (98,102) (47,61) (63,82) (97,101) (84,102) (11,13) (44,49) (82,86) (20,22) (9,9) (69,78) (49,61) (54,62)
(66,78) (11,14) (94,119) (60,72) (61,79) (32,33) (65,77) (4,4) (86,98) (58,60) (49,55) (13,15) (32,34) (46,52) (69,74)
(53,68) (65,80) (8,8) (89,108) (81,88) (94,104) (5,5) (20,22) (67,79) (60,76) (48,60) (95,106) (48,53) (26,28) (79,103)
(13,15) (37,38) (81,88) (99,106) (74,91) (16,18) (9,10) (20,26) (15,17) (42,52) (37,43) (37,43) (77,85) (18,23) (42,50)
(74,94) (92,95) (33,36) (45,45) (7,9) (83,84) (87,110) (45,48) (21,24) (86,96) (11,13) (6,7) (21,27) (39,46) (51,60)
(71,74) (64,67) (2,2) (38,47) (95,119) (10,12) (57,65) (64,76) (17,21) (75,92) (63,80) (77,95) (80,101) (43,47) (52,55)
(22,25) (34,39) (24,25) (65,75) (64,65) (17,22) (7,9) (66,70) (19,21) (60,72) (18,20) (77,96) (19,21) (22,23) (38,46)
(45,49) (69,78) (36,39) (14,17) (44,50) (47,57) (13,16) (44,48) (30,38) (34,35) (94,96) (74,92) (61,72) (44,52) (69,80)
(25,26) (14,16) (45,56) (1,1) (22,23) (48,56) (27,29) (81,95) (26,27) (7,8) (54,57) (22,25) (21,22) (85,88) (65,75)
(11,13) (81,100) (46,51) (48,50) (19,23) (94,117) (89,97) (40,50) (66,71) (57,62) (39,41) (76,97) (18,21) (52,60) (14,16)
(11,14) (68,87) (16,20) (65,76) (19,23) (41,46) (72,85) (92,119) (85,107) (19,24) (82,104) (77,87) (71,85) (88,92) (37,40)
(12,14) (12,14) (65,82) (2,2) (17,20) (33,35) (29,31) (10,12) (71,75) (6,6) (6,7) (40,50) (38,40) (68,73) (4,4)
(3,3) (88,104) (9,11) (24,30) (77,89) (7,9) (41,43) (82,88) (82,102) (88,95) (39,46) (42,51) (89,93) (88,108) (73,89)
(97,115) (82,103) (63,75) (92,94) (6,6) (92,105) (32,39) (7,9) (49,61) (25,28) (47,50) (8,9) (89,97) (66,75) (48,56)
(50,58) (57,68) (73,75) (44,52) (54,64) (60,75) (97,113) (20,24) (57,69) (90,102) (30,37) (22,26) (99,121) (91,107) (52,60)
(62,79) (4,4) (25,28) (50,64) (72,84) (39,46) (11,12) (97,106) (33,40) (73,96) (85,92) (94,113) (60,69) (58,71) (95,110)
(77,96) (91,108) (63,79) (12,16) (48,59) (46,57) (78,94) (59,73) (58,68) (72,82) (3,3) (27,30) (13,15) (72,75) (9,10)
(24,27) (90,111) (92,94) (46,58) (77,94) (61,78) (25,29) (84,93) (80,96) (40,44) (62,65) (52,58) (34,41) (83,98) (44,49)
(88,108) (84,87) (77,84) (5,6) (83,103) (28,31) (73,88) (9,9) (72,92) (68,71) (22,24) (78,93) (82,85) (33,40) (86,101)
(74,79) (75,90) (2,2) (27,32) (26,31) (27,29) (84,97) (32,36) (40,47) (99,113) (2,2) (43,52) (15,17) (81,83) (87,98)
(92,101) (27,32) (60,74) (41,50) (96,108) (75,77) (84,104) (34,41) (24,26) (21,22) (84,103) (42,50) (86,96) (76,90) (51,55)
(83,90) (72,72) (3,3) (88,104) (32,41) (1,1) (36,42) (38,39) (30,31) (75,88) (51,57) (50,55) (62,77) (84,98) (74,86)
(96,106) (52,64) (96,100) (11,12) (56,61) (38,43) (50,63) (71,76) (23,25) (47,55) (62,70) (1,1) (57,64) (54,64) (91,98)
(80,82) (31,40) (80,93) (22,28) (7,9) (49,55) (23,30) (48,56) (28,30) (37,45) (46,53) (3,3) (51,53) (87,93) (69,72)
(31,35) (62,71) (9,10) (84,101) (55,60) (67,85) (9,11) (64,76) (17,22) (39,48) (33,34) (52,67) (59,68) (90,113) (84,94)
(2,2) (5,6) (34,38) (63,66) (67,81) (55,59) (60,74) (69,87) (58,68) (81,98) (87,105) (23,28) (17,21) (71,77) (13,14)
(65,79) (56,68) (5,5) (91,107) (80,94) (73,78) (29,36) (1,1) (91,115) (64,72) (45,52) (31,38) (41,48) (72,79) (13,13)
(14,17) (86,97) (62,68) (41,48) (3,4) (10,11) (49,59) (25,30) (10,11) (82,106) (1,1) (32,32) (38,38) (47,56) (90,114)
(94,121) (20,24) (59,71) (59,65) (52,63) (67,77) (97,118) (38,44) (14,15) (37,40) (71,87) (2,2) (12,13) (91,116) (83,106)
(91,97) (1,1) (25,27) (55,68) (36,38) (76,88) (41,53) (64,80) (23,27) (88,106) (74,78) (5,6) (16,18) (49,52) (1,1)
(23,27) (54,63) (71,78) (57,68) (44,56) (17,21) (77,92) (42,48) (77,87) (53,64) (74,93) (66,75) (34,36) (42,46) (30,35)
(61,71) (91,102) (54,64) (76,91) (9,10) (23,28) (57,64) (69,84) (29,36) (48,55) (78,82) (7,8) (52,56) (67,76) (3,3)
(62,66) (39,45) (78,89) (32,39) (50,53) (84,103) (2,2) (42,51) (55,64) (36,38) (50,58) (18,20) (21,27) (91,95) (39,41)
(57,64) (77,93) (42,49) (81,103) (74,93) (76,88) (53,60) (70,81) (39,47) (36,46) (65,78) (3,3) (50,63) (33,36) (9,11)
(28,29) (69,83) (7,8) (51,63) (32,40) (56,64) (88,106) (59,70) (62,78) (35,43) (74,79) (48,58) (13,14) (36,42) (62,76)
(72,88) (96,109) (87,93) (26,27) (93,117) (97,105) (17,21) (30,38) (86,105) (34,34) (28,35) (16,17) (16,19) (92,116) (13,15)
(62,76) (46,51) (6,7) (42,45) (48,51) (62,67) (81,101) (96,122) (57,71) (58,74) (12,13) (47,55) (92,114) (76,88) (32,32)
(31,36) (91,98) (70,84) (3,4) (19,25) (45,49) (10,12) (45,48) (6,7) (54,59) (35,43) (74,81) (45,57) (84,97) (24,31)
(45,53) (60,74) (80,94) (22,24) (1,1) (13,16) (50,62) (62,78) (81,82) (54,59) (42,42) (13,14) (34,42) (14,16) (46,48)
(6,6) (6,7) (28,34) (92,116) (2,2) (82,90) (96,120) (87,105) (80,89) (74,77) (62,67) (45,47) (68,85) (41,47) (60,61)
(93,115) (53,62) (45,54) (31,41) (12,15) (69,79) (36,43) (59,67) (49,60) (30,36) (55,57) (10,10) (61,65) (74,90) (54,66)
(95,118) (64,74) (6,7) (86,97) (1,1) (98,112) (85,104) (26,28) (18,22) (54,68) (19,24) (73,73) (74,87) (80,91) (76,80)
(94,106) (68,71) (65,76) (43,51) (16,21) (28,34) (15,15) (80,81) (30,33) (77,80) (52,60) (48,57) (71,89) (2,2) (85,104)
(42,53) (78,86) (30,32) (8,8) (8,9) (15,15) (92,100) (80,102) (3,3) (30,36) (38,45) (88,95) (46,58) (48,49) (44,53)
