# int__atai20_15_04  20 jobs  15 machines
20 15
8 13 3 7 10 6 14 12 9 2 0 4 5 11 1
11 4 6 3 8 9 12 5 13 0 7 10 14 2 1
14 9 4 0 2 13 6 7 11 1 3 5 10 12 8
0 12 10 1 11 14 8 5 9 13 2 6 3 4 7
2 6 4 13 8 12 3 10 9 11 0 7 1 5 14
1 4 13 7 12 8 3 0 14 5 10 11 9 6 2
6 12 3 11 0 1 7 13 4 8 5 9 14 10 2
5 7 14 11 4 3 10 0 1 6 13 12 8 9 2
3 2 6 4 11 10 0 8 14 7 13 5 1 9 12
3 11 14 10 2 4 1 13 6 9 5 8 12 7 0
9 10 6 7 4 12 5 14 13 1 8 0 2 3 11
7 5 11 14 8 0 13 12 2 9 10 1 4 3 6
11 0 6 12 5 10 13 3 4 1 9 14 2 8 7
2 9 4 6 3 7 13 5 12 10 1 11 8 14 0
6 14 5 8 13 4 1 3 0 7 12 2 10 11 9
10 14 8 7 6 5 1 13 11 2 3 9 12 0 4
5 11 1 4 7 6 14 13 8 12 3 2 0 9 10
4 14 2 6 0 11 7 13 9 1 5 3 8 10 12
7 14 10 1 5 9 2 4 0 11 13 3 6 12 8
11 13 7 8 6 0 5 4 10 1 3 2 9 12 14
(54,64) (25,27) (16,21) (62,66) (9,9) (30,35) (72,78) (21,26) (42,45) (81,89) (68,70) (86,95) (85,92) (20,23) (30,36)
(38,49) (19,24) (35,37) (77,87) (34,42) (65,72) (15,15) (55,66) (58,68) (71,80) (50,65) (13,16) (2,2) (15,16) (57,67)
(5,6) (31,37) (54,62) (67,78) (47,58) (70,80) (91,112) (40,44) (13,14) (14,15) (49,53) (29,30) (48,57) (75,88) (80,81)
(61,78) (63,74) (21,22) (21,26) (29,33) (10,10) (24,25) (60,62) (90,94) (24,29) (48,50) (51,63) (8,9) (29,36) (36,43)
(4,4) (32,35) (10,12) (76,95) (44,53) (36,43) (87,103) (59,70) (58,66) (41,50) (47,55) (30,32) (21,22) (22,24) (15,18)
(14,17) (10,11) (68,73) (91,96) (41,42) (28,34) (42,47) (22,26) (59,63) (56,63) (44,49) (93,102) (30,35) (26,28) (13,13)
(50,62) (54,64) (23,23) (25,28) (49,55) (53,60) (9,9) (85,108) (20,25) (46,55) (53,66) (22,24) (46,47) (49,60) (86,95)
(11,13) (41,44) (26,27) (30,32) (18,19) (58,71) (82,95) (33,40) (73,75) (19,23) (34,40) (91,109) (65,81) (83,93) (37,41)
(9,11) (19,24) (11,11) (20,24) (11,11) (95,104) (92,99) (87,110) (92,103) (97,121) (28,34) (53,66) (85,107) (32,42) (60,73)
(10,12) (56,71) (84,95) (83,100) (83,108) (18,22) (71,87) (64,75) (12,14) (22,25) (78,98) (5,6) (92,115) (6,7) (34,36)
(45,54) (65,75) (58,64) (19,23) (14,17) (6,6) (20,23) (6,6) (46,56) (76,86) (31,39) (79,98) (7,8) (73,92) (52,66)
(19,22) (96,123) (54,63) (75,90) (34,37) (26,29) (23,25) (85,104) (86,102) (25,29) (93,122) (1,1) (16,17) (32,40) (48,55)
(33,35) (32,38) (64,67) (46,52) (46,52) (51,53) (32,41) (76,92) (38,43) (63,81) (58,67) (71,79) (14,15) (83,89) (13,15)
(85,104) (82,95) (15,17) (66,68) (31,33) (82,102) (80,81) (79,90) (10,11) (12,12) (30,33) (37,43) (75,85) (43,52) (18,19)
(59,67) (57,59) (16,18) (24,27) (54,68) (8,8) (41,51) (38,41) (28,34) (54,64) (36,38) (33,42) (39,44) (66,73) (51,56)
(76,88) (86,101) (88,96) (12,15) (4,5) (31,37) (57,61) (60,74) (81,99) (47,57) (40,42) (35,38) (66,73) (27,35) (12,12)
(1,1) (65,76) (93,113) (41,48) (83,102) (33,36) (82,98) (74,84) (92,94) (79,83) (64,69) (90,94) (46,48) (56,65) (61,67)
(59,73) (49,55) (34,37) (89,109) (80,99) (55,65) (30,34) (49,56) (52,54) (11,12) (71,81) (8,8) (13,14) (12,15) (48,57)
(19,22) (87,100) (65,80) (10,11) (74,91) (47,57) (72,78) (66,68) (37,38) (76,96) (92,98) (59,74) (37,42) (50,52) (58,63)
(29,35) (71,80) (59,75) (19,20) (95,117) (94,110) (2,2) (39,45) (69,85) (88,94) (10,12) (59,67) (20,24) (39,41) (16,20)
