# int__atai30_15_07  30 jobs  15 machines
30 15
4 12 9 11 5 14 10 0 2 1 7 6 3 8 13
0 9 14 12 1 4 11 10 6 3 2 7 8 5 13
0 5 3 8 7 14 12 13 9 4 10 2 11 6 1
6 5 3 4 14 8 12 10 7 2 1 9 11 0 13
8 13 10 0 6 2 7 12 11 14 1 5 3 9 4
5 9 13 2 11 0 7 14 4 6 12 10 8 1 3
9 10 7 8 1 4 6 13 14 12 0 3 2 11 5
7 9 11 13 10 1 5 14 8 2 4 6 0 12 3
10 3 2 14 12 13 8 6 11 0 1 9 7 5 4
11 3 10 1 0 14 13 2 5 4 7 6 9 8 12
5 2 9 8 3 4 10 12 1 11 13 7 14 6 0
13 14 1 0 9 2 4 11 3 5 12 6 8 10 7
1 14 12 9 5 11 3 10 13 4 0 2 8 6 7
11 4 13 14 7 6 2 9 1 12 0 5 3 8 10
6 13 0 5 11 9 3 12 2 8 10 4 14 1 7
8 4 7 13 6 14 9 1 12 5 2 3 0 10 11
7 11 2 12 10 1 5 14 3 8 6 0 9 4 13
6 8 9 13 10 3 14 12 7 1 4 0 5 2 11
12 10 7 4 1 11 0 6 3 8 14 5 2 13 9
9 5 12 11 2 7 0 13 14 1 6 8 3 10 4
7 3 13 8 6 11 2 14 4 9 10 1 5 0 12
0 1 2 6 14 5 3 12 10 13 7 4 9 8 11
1 3 6 5 2 8 0 7 10 14 12 11 9 13 4
6 11 9 13 3 0 1 10 12 2 14 4 7 5 8
2 3 0 4 9 1 12 5 10 8 13 14 6 7 11
7 4 9 11 3 5 1 10 14 12 8 2 13 6 0
9 12 7 5 2 10 4 14 8 6 1 0 3 11 13
10 14 11 0 4 13 1 9 7 6 5 12 3 8 2
13 14 5 4 6 1 0 12 11 3 10 2 9 7 8
14 6 8 2 7 5 11 10 4 0 3 13 1 12 9
(94,104) (45,56) (40,48) (66,72) (49,53) (87,93) (55,71) (79,91) (83,94) (6,6) (80,82) (45,49) (97,118) (93,96) (72,85)
(41,46) (54,67) (79,88) (59,63) (64,83) (76,85) (37,41) (43,54) (61,69) (41,50) (77,87) (34,40) (8,8) (20,21) (91,111)
(50,59) (28,31) (47,59) (24,29) (2,2) (95,100) (94,96) (7,7) (65,72) (92,113) (71,90) (48,55) (65,71) (54,67) (36,38)
(80,101) (56,67) (45,53) (59,61) (41,52) (68,76) (23,28) (70,86) (29,37) (85,103) (86,93) (10,10) (10,12) (89,94) (93,113)
(30,30) (68,79) (62,79) (12,14) (29,37) (22,24) (45,52) (69,87) (84,103) (77,91) (78,96) (55,58) (70,76) (55,60) (36,39)
(65,74) (32,32) (30,40) (15,17) (97,119) (90,101) (55,63) (64,73) (41,47) (30,35) (33,38) (57,71) (70,77) (56,61) (38,50)
(27,33) (42,45) (23,27) (12,13) (21,24) (55,64) (92,107) (57,68) (67,78) (62,64) (29,31) (15,17) (20,26) (19,20) (32,36)
(43,50) (49,57) (51,62) (60,68) (55,70) (37,41) (83,88) (63,79) (84,105) (25,32) (93,117) (61,63) (74,92) (48,60) (49,55)
(92,94) (80,95) (54,68) (58,72) (69,73) (65,77) (93,98) (56,67) (47,59) (88,102) (79,96) (85,103) (86,104) (13,14) (53,59)
(60,70) (31,41) (63,82) (95,117) (23,26) (35,40) (28,32) (52,63) (76,97) (76,91) (92,105) (72,78) (46,58) (27,35) (86,105)
(95,99) (86,97) (26,30) (33,35) (85,107) (15,16) (61,67) (5,6) (4,5) (63,74) (68,82) (79,101) (29,35) (52,61) (66,73)
(94,106) (83,104) (48,57) (65,81) (74,80) (73,80) (85,109) (15,18) (5,6) (2,2) (76,87) (58,69) (93,113) (18,24) (85,89)
(59,62) (46,58) (13,15) (62,67) (92,104) (66,79) (88,108) (11,12) (29,34) (50,55) (61,73) (31,37) (50,63) (54,62) (38,40)
(73,91) (89,96) (82,86) (19,23) (60,75) (13,17) (60,65) (52,55) (5,6) (62,66) (29,33) (83,95) (76,80) (50,64) (50,62)
(61,68) (44,52) (92,108) (49,62) (94,116) (46,46) (85,95) (27,29) (57,64) (45,45) (23,26) (89,105) (63,72) (71,76) (39,51)
(47,51) (58,60) (31,33) (29,34) (57,70) (56,58) (14,15) (32,36) (14,17) (57,68) (41,50) (58,73) (48,62) (64,69) (51,56)
(92,111) (52,63) (7,9) (50,60) (8,9) (97,103) (94,108) (64,81) (94,120) (57,64) (51,59) (41,44) (76,95) (23,26) (18,22)
(95,118) (54,62) (71,76) (93,100) (11,14) (70,76) (32,38) (71,85) (13,16) (2,2) (94,115) (29,36) (18,21) (94,105) (2,2)
(61,79) (73,87) (60,79) (14,16) (53,59) (10,12) (85,104) (86,110) (23,26) (31,35) (69,75) (79,93) (70,84) (41,48) (14,14)
(1,1) (80,100) (26,27) (21,27) (42,52) (93,106) (74,84) (16,19) (26,34) (24,26) (94,100) (24,26) (79,97) (74,86) (15,16)
(25,28) (4,5) (17,20) (49,63) (45,56) (26,31) (6,6) (83,94) (72,81) (28,30) (88,111) (75,82) (76,81) (36,42) (91,103)
(34,38) (38,48) (86,108) (53,58) (84,92) (7,8) (87,90) (16,16) (69,85) (49,50) (70,79) (13,14) (12,13) (87,102) (9,11)
(54,64) (39,46) (49,62) (47,54) (74,95) (64,79) (82,99) (89,114) (52,58) (63,78) (6,6) (35,37) (86,100) (41,45) (7,8)
(55,69) (1,1) (56,66) (44,45) (3,3) (14,14) (74,88) (28,33) (64,80) (41,45) (13,14) (42,46) (66,76) (45,48) (77,87)
(77,84) (69,82) (95,101) (52,63) (67,85) (38,40) (73,81) (45,51) (29,29) (72,87) (6,7) (5,5) (2,2) (8,9) (25,29)
(16,21) (62,79) (94,101) (91,108) (99,114) (66,68) (35,39) (20,25) (21,23) (60,71) (41,51) (89,107) (79,94) (88,93) (83,88)
(20,23) (28,33) (95,110) (7,8) (18,19) (36,42) (57,64) (45,57) (60,64) (75,83) (41,50) (51,55) (95,117) (44,48) (96,101)
(9,11) (14,17) (81,86) (55,65) (7,9) (6,6) (3,4) (27,31) (11,14) (30,39) (86,94) (78,82) (5,6) (83,92) (29,32)
(53,66) (83,105) (93,98) (60,77) (19,24) (12,14) (52,64) (71,74) (4,5) (1,1) (63,81) (35,41) (63,78) (22,26) (38,42)
(13,13) (21,22) (33,36) (5,6) (66,85) (78,88) (53,57) (63,80) (96,99) (50,51) (39,48) (69,72) (88,108) (13,13) (42,49)
