# int__atai20_15_06  20 jobs  15 machines
20 15
2 11 0 13 1 8 9 6 4 7 12 3 14 5 10
5 8 9 3 1 13 11 0 14 7 4 12 10 6 2
5 2 8 14 13 1 6 9 12 4 11 0 7 3 10
8 10 4 0 3 11 13 6 1 5 2 9 12 14 7
8 11 1 0 5 13 2 14 10 12 9 3 4 6 7
11 3 13 9 14 1 0 7 4 5 10 12 6 2 8
13 3 11 10 5 12 0 4 14 6 7 8 9 2 1
5 8 6 7 2 3 10 4 1 14 11 9 13 0 12
12 8 9 7 3 6 11 13 10 0 2 5 1 4 14
5 14 11 4 10 8 9 2 13 12 7 1 0 3 6
10 9 1 12 2 7 3 4 0 5 6 8 13 14 11
9 7 5 6 0 14 1 3 8 11 2 12 10 13 4
2 13 12 3 9 1 5 10 11 6 0 7 8 14 4
3 0 9 13 8 2 6 1 10 12 7 14 4 5 11
6 5 0 13 8 14 2 7 12 4 10 3 1 9 11
6 8 0 7 4 1 11 10 13 14 12 2 9 3 5
13 2 1 8 3 12 6 14 11 9 5 7 4 10 0
13 7 5 11 4 6 10 14 2 9 0 3 8 12 1
9 2 10 11 7 1 14 3 6 8 5 4 12 0 13
13 4 11 12 7 0 5 1 8 14 9 2 3 10 6
(73,90) (17,18) (57,68) (26,28) (87,92) (77,79) (62,65) (85,105) (72,85) (33,36) (57,70) (90,97) (63,76) (66,81) (27,33)
(5,6) (77,97) (69,88) (41,52) (69,72) (20,24) (85,93) (85,105) (46,55) (61,69) (35,42) (84,97) (47,56) (97,116) (23,24)
(2,2) (65,80) (27,32) (97,115) (63,80) (40,50) (46,57) (22,24) (90,106) (25,27) (87,98) (3,3) (37,40) (72,76) (74,79)
(92,116) (79,90) (19,21) (35,39) (85,97) (6,7) (9,9) (18,19) (31,34) (37,44) (55,61) (3,3) (15,18) (11,14) (43,51)
(70,78) (70,77) (16,17) (40,47) (70,73) (87,94) (41,45) (56,68) (37,42) (21,22) (21,24) (77,79) (64,70) (44,52) (50,64)
(19,22) (12,14) (84,102) (22,25) (40,50) (28,30) (6,7) (4,4) (76,99) (74,92) (20,25) (26,29) (16,18) (54,61) (59,63)
(93,108) (38,40) (79,101) (14,18) (21,27) (29,33) (63,70) (92,99) (65,72) (59,63) (37,39) (10,12) (46,56) (67,72) (73,86)
(27,30) (3,4) (69,72) (57,67) (90,111) (57,60) (97,102) (74,82) (9,10) (55,60) (20,23) (71,86) (19,20) (71,92) (19,22)
(7,8) (36,40) (62,65) (69,83) (13,15) (56,66) (52,56) (57,70) (2,2) (91,115) (87,97) (6,7) (63,74) (75,84) (60,73)
(82,105) (44,52) (74,78) (34,36) (32,39) (92,117) (49,62) (19,21) (4,4) (28,33) (59,64) (70,81) (87,112) (50,56) (64,81)
(86,110) (11,14) (34,43) (83,105) (14,14) (82,104) (12,14) (20,25) (23,28) (35,44) (12,14) (88,105) (96,100) (33,41) (75,89)
(30,32) (85,90) (88,102) (3,3) (97,115) (70,73) (71,81) (16,20) (14,15) (94,119) (71,72) (19,23) (64,76) (87,103) (2,2)
(61,71) (84,95) (71,86) (74,89) (84,92) (31,37) (31,32) (48,52) (25,29) (80,93) (76,83) (33,34) (58,70) (73,86) (76,91)
(9,10) (58,74) (90,111) (68,74) (38,46) (62,66) (93,106) (66,76) (73,87) (40,42) (58,62) (67,71) (11,11) (23,28) (25,27)
(84,87) (77,87) (20,25) (50,51) (69,80) (66,70) (89,109) (69,72) (64,75) (50,60) (43,55) (5,6) (70,86) (66,70) (25,27)
(36,46) (26,31) (22,27) (25,30) (2,2) (35,41) (20,22) (62,67) (59,63) (26,28) (34,36) (49,51) (43,47) (79,94) (19,23)
(5,6) (56,67) (67,75) (91,103) (44,50) (36,39) (88,91) (42,45) (48,59) (22,28) (62,67) (76,93) (47,48) (86,102) (7,8)
(28,29) (61,67) (23,23) (42,51) (31,39) (63,70) (89,109) (78,82) (48,50) (3,3) (82,101) (19,22) (60,75) (74,83) (84,97)
(65,79) (46,53) (47,50) (55,59) (84,104) (61,74) (47,60) (69,82) (83,100) (89,100) (1,1) (63,65) (83,89) (29,34) (86,111)
(79,88) (14,16) (40,42) (71,79) (21,26) (90,97) (6,7) (78,101) (18,20) (60,70) (62,65) (82,97) (24,28) (68,79) (10,10)
