# int__atai20_20_07  20 jobs  20 machines
20 20
7 13 17 6 8 11 4 3 12 18 9 2 0 1 10 16 15 14 5 19
7 17 16 10 0 15 12 1 2 9 18 5 3 6 19 14 4 11 8 13
11 17 19 0 2 4 8 14 10 3 5 12 18 15 1 16 6 7 9 13
2 7 17 12 1 16 13 6 19 3 18 11 5 0 4 14 8 10 15 9
3 5 12 0 10 17 16 2 7 8 9 18 19 4 13 11 1 6 15 14
9 13 6 0 7 18 12 17 19 10 3 4 16 1 15 8 2 11 14 5
7 3 5 17 14 19 8 9 13 11 1 12 16 0 2 18 15 4 10 6
15 16 12 5 4 9 18 3 8 19 17 6 13 11 0 7 14 10 1 2
2 5 6 19 4 18 1 0 8 9 7 12 13 14 17 15 16 3 10 11
19 0 17 14 7 11 8 6 12 4 10 2 16 13 3 9 1 15 18 5
10 4 14 9 19 6 18 0 13 12 16 5 7 8 17 3 1 2 15 11
4 18 12 15 3 8 19 9 5 6 16 14 10 0 2 1 17 13 11 7
4 5 6 7 11 10 0 17 2 9 14 13 1 16 8 19 15 12 3 18
5 0 17 14 8 12 2 9 18 6 19 3 13 7 4 15 11 1 10 16
10 1 15 5 8 4 9 13 14 2 17 6 3 16 19 11 7 18 0 12
1 5 2 16 11 17 14 8 9 18 4 12 15 19 7 0 13 6 10 3
1 18 2 14 5 8 10 6 19 4 13 9 16 7 11 12 15 0 3 17
11 3 14 7 1 13 18 9 19 12 8 15 4 6 16 17 2 10 0 5
10 2 17 7 8 18 13 6 5 16 0 15 1 3 12 11 9 14 19 4
8 16 0 2 11 10 19 17 7 14 3 4 13 15 6 5 1 9 12 18
(82,106) (42,49) (59,66) (96,106) (7,8) (68,77) (20,22) (2,2) (88,93) (37,43) (62,67) (80,96) (37,40) (49,53) (79,90) (35,46) (69,85) (92,114) (42,46) (98,107)
(78,84) (64,71) (90,101) (82,101) (88,110) (7,8) (53,62) (17,17) (13,16) (44,55) (27,32) (72,88) (42,48) (64,78) (50,53) (83,85) (69,80) (71,80) (31,35) (90,100)
(90,106) (43,47) (36,41) (69,78) (62,74) (84,92) (27,29) (30,32) (32,41) (97,121) (10,11) (44,50) (98,113) (92,97) (93,106) (94,111) (42,47) (7,8) (33,33) (58,66)
(34,37) (51,54) (5,6) (4,5) (82,95) (52,63) (3,3) (94,119) (37,46) (9,10) (9,11) (88,98) (59,60) (4,5) (62,77) (3,4) (34,43) (76,85) (66,75) (95,119)
(51,57) (51,56) (70,73) (24,27) (95,107) (53,54) (48,59) (60,75) (88,102) (80,83) (70,76) (48,53) (24,24) (58,63) (4,5) (21,21) (77,90) (2,2) (3,4) (48,60)
(41,46) (45,49) (10,11) (26,30) (37,47) (91,97) (85,104) (16,16) (3,4) (56,70) (79,94) (10,11) (26,29) (75,97) (68,79) (91,109) (81,96) (75,96) (72,79) (93,111)
(19,19) (38,44) (80,94) (49,53) (30,36) (85,106) (65,73) (98,120) (69,73) (75,78) (4,4) (30,36) (93,103) (74,95) (76,86) (67,78) (73,82) (82,100) (29,34) (53,67)
(25,27) (47,47) (10,12) (16,17) (80,88) (60,65) (3,3) (36,45) (87,96) (19,21) (96,122) (2,2) (57,70) (29,32) (21,25) (55,62) (79,88) (67,69) (77,89) (39,43)
(17,17) (95,108) (25,26) (39,49) (61,77) (27,31) (50,52) (5,5) (25,25) (36,45) (89,100) (60,74) (23,26) (56,61) (90,93) (68,78) (90,90) (29,31) (25,29) (66,80)
(39,50) (64,74) (33,36) (4,5) (70,77) (76,94) (57,67) (14,15) (95,100) (71,85) (96,112) (93,101) (57,70) (12,13) (17,18) (66,76) (78,81) (67,69) (69,72) (52,57)
(27,30) (81,93) (19,20) (12,13) (82,102) (33,42) (35,42) (27,34) (60,68) (36,46) (23,24) (50,62) (86,91) (5,6) (17,20) (78,81) (34,38) (4,4) (41,50) (81,81)
(85,91) (89,102) (86,106) (92,117) (19,23) (56,63) (92,117) (72,93) (73,80) (45,50) (9,10) (6,7) (43,47) (29,32) (86,102) (19,23) (10,11) (75,82) (56,71) (28,33)
(22,26) (84,98) (50,53) (75,83) (26,30) (28,34) (36,43) (34,44) (4,5) (31,34) (22,23) (72,86) (51,62) (12,16) (14,15) (60,73) (45,51) (83,88) (72,77) (61,77)
(78,99) (42,53) (44,51) (91,100) (67,68) (64,70) (60,74) (36,44) (57,74) (49,63) (41,50) (59,63) (95,113) (57,60) (91,99) (37,39) (67,78) (12,15) (91,102) (21,27)
(54,67) (95,116) (11,13) (24,30) (67,80) (57,64) (44,49) (50,53) (83,101) (26,29) (90,113) (55,62) (29,36) (30,39) (55,70) (39,42) (11,13) (18,21) (18,22) (80,88)
(80,96) (82,85) (75,80) (45,49) (61,75) (95,102) (24,26) (46,60) (26,33) (56,61) (53,55) (81,100) (31,33) (97,100) (40,41) (1,1) (2,2) (59,71) (22,28) (26,28)
(46,53) (9,9) (87,112) (28,28) (65,69) (22,24) (63,70) (46,54) (71,90) (95,98) (65,85) (58,64) (46,49) (35,40) (9,10) (88,102) (93,106) (41,48) (2,2) (82,103)
(86,110) (51,62) (10,11) (24,27) (58,71) (55,65) (29,31) (32,37) (18,21) (77,95) (70,74) (41,44) (9,10) (62,77) (78,90) (31,32) (75,90) (43,46) (14,16) (71,84)
(57,64) (57,62) (67,78) (45,55) (12,14) (34,38) (69,76) (72,74) (54,67) (83,91) (50,65) (24,26) (89,113) (88,107) (77,82) (73,94) (89,112) (90,104) (35,44) (85,105)
(28,30) (85,99) (3,4) (72,83) (31,38) (84,105) (65,81) (65,67) (33,40) (19,20) (30,33) (87,99) (50,62) (79,101) (13,13) (15,16) (59,60) (17,18) (83,98) (11,13)
