# int__atai20_15_07  20 jobs  15 machines
20 15
6 8 11 0 14 13 9 5 3 12 10 2 7 4 1
0 9 1 6 5 13 11 8 3 4 12 14 7 2 10
8 3 9 1 0 10 5 14 12 13 6 2 7 11 4
5 1 7 10 0 2 13 11 14 3 6 9 8 12 4
2 9 6 7 0 8 13 5 10 3 12 4 14 1 11
5 3 9 2 1 4 10 8 13 0 11 12 6 14 7
8 7 12 9 6 14 4 11 5 1 3 13 10 0 2
13 7 6 11 2 0 14 4 3 1 10 8 9 12 5
1 14 0 10 11 8 7 5 9 3 4 6 12 2 13
13 1 3 14 5 9 2 0 11 7 12 4 10 6 8
10 5 9 13 6 8 11 4 14 0 7 2 12 1 3
13 9 14 10 3 7 2 5 6 11 8 1 0 12 4
5 9 7 8 10 13 2 6 1 0 12 11 3 4 14
9 11 6 7 2 8 14 3 0 12 4 13 5 1 10
10 2 1 5 0 3 14 11 4 8 9 7 12 6 13
12 14 0 2 10 5 13 3 7 11 1 9 6 8 4
8 6 12 4 13 10 5 7 9 0 1 14 3 2 11
14 5 12 4 1 13 6 2 8 7 10 11 9 3 0
7 2 6 3 8 14 5 9 4 13 0 11 12 1 10
10 7 13 4 5 3 6 1 8 0 12 11 9 14 2
(40,41) (55,63) (94,109) (31,37) (70,81) (31,31) (54,55) (36,42) (91,94) (71,85) (77,83) (39,44) (3,3) (85,89) (28,31)
(20,21) (55,70) (66,73) (48,60) (33,44) (56,64) (89,104) (51,53) (96,119) (94,99) (90,105) (32,39) (54,56) (70,77) (79,97)
(94,108) (5,6) (93,108) (84,94) (31,33) (5,5) (15,17) (19,23) (72,79) (50,53) (22,26) (61,69) (86,107) (64,69) (23,29)
(77,87) (57,66) (40,42) (33,39) (91,113) (61,66) (8,9) (74,88) (58,68) (40,52) (36,42) (3,4) (69,83) (78,81) (34,41)
(70,87) (63,78) (25,27) (58,70) (54,64) (67,79) (85,102) (82,107) (43,44) (7,7) (35,40) (85,92) (94,114) (91,96) (97,111)
(80,83) (69,76) (51,55) (71,80) (56,71) (67,77) (49,56) (36,45) (87,92) (21,26) (9,11) (96,110) (29,31) (92,102) (43,44)
(68,73) (62,68) (64,77) (14,18) (37,47) (92,115) (92,110) (66,72) (5,5) (60,69) (63,66) (65,84) (2,2) (30,36) (17,20)
(7,7) (10,12) (65,67) (61,65) (91,104) (87,102) (83,89) (79,94) (31,39) (59,75) (5,5) (21,22) (5,6) (48,59) (36,38)
(9,9) (30,35) (75,93) (47,54) (24,24) (67,77) (65,79) (36,41) (80,99) (66,71) (62,69) (4,5) (60,77) (52,53) (64,68)
(65,71) (71,89) (84,96) (27,29) (41,49) (13,16) (17,21) (73,76) (69,85) (19,24) (96,102) (72,90) (64,75) (8,10) (13,15)
(82,99) (30,35) (76,83) (62,75) (17,18) (71,80) (63,70) (69,80) (28,28) (12,15) (17,20) (55,64) (17,17) (41,47) (58,64)
(84,102) (35,38) (83,107) (27,32) (22,26) (69,84) (48,52) (78,82) (30,33) (17,19) (55,65) (53,57) (79,90) (4,4) (63,79)
(6,7) (60,72) (76,82) (78,84) (59,65) (16,20) (41,50) (18,21) (53,62) (16,17) (66,78) (20,23) (66,80) (48,52) (4,4)
(33,39) (85,99) (23,28) (67,77) (12,15) (57,67) (49,53) (56,63) (82,104) (15,18) (54,58) (80,86) (60,73) (5,5) (36,39)
(70,83) (19,22) (93,119) (9,9) (81,106) (87,96) (3,3) (66,73) (50,64) (28,31) (28,36) (22,27) (10,11) (9,11) (62,74)
(22,28) (33,42) (73,88) (33,40) (84,97) (40,47) (70,78) (15,16) (49,57) (90,94) (1,1) (41,43) (7,8) (61,67) (7,7)
(18,19) (60,75) (96,97) (48,58) (4,5) (69,71) (65,83) (50,62) (42,50) (39,42) (31,39) (89,113) (11,11) (45,53) (99,119)
(1,1) (92,99) (44,55) (12,14) (11,13) (81,84) (54,70) (38,45) (80,102) (42,46) (75,80) (21,25) (23,29) (46,55) (42,49)
(97,110) (37,45) (91,94) (72,80) (75,79) (70,77) (46,57) (31,32) (80,98) (81,102) (61,75) (91,114) (57,73) (26,26) (13,17)
(77,88) (51,61) (71,73) (9,9) (87,97) (29,37) (34,36) (33,42) (50,55) (85,109) (96,113) (33,40) (73,77) (66,80) (30,33)
