# int__atai15_15_04  15 jobs  15 machines
15 15
3 7 6 14 9 8 5 4 10 1 0 12 11 2 13
1 11 0 5 8 13 3 10 9 2 12 6 4 7 14
7 3 8 11 0 4 9 13 1 10 6 5 14 12 2
6 11 5 13 3 2 1 4 9 12 8 0 14 7 10
1 11 6 5 8 7 12 9 2 14 13 3 0 4 10
11 2 12 1 14 0 6 9 3 13 7 10 4 5 8
14 7 11 0 12 8 9 10 3 13 4 1 2 6 5
7 4 13 5 14 11 2 12 6 1 0 10 9 3 8
7 4 14 10 3 0 13 8 1 2 6 12 11 9 5
2 12 10 3 6 5 14 9 13 4 0 11 7 8 1
11 9 3 7 6 4 0 2 5 1 10 8 13 12 14
0 4 1 9 2 11 13 10 7 6 8 12 14 3 5
6 0 4 10 2 14 9 13 11 12 1 8 5 3 7
5 10 13 2 7 4 8 6 9 0 12 11 1 14 3
11 2 0 4 14 5 9 10 6 12 8 1 7 3 13
(70,85) (50,60) (41,47) (30,33) (59,63) (45,48) (87,98) (33,39) (27,30) (84,103) (67,86) (55,60) (68,75) (48,61) (24,28)
(19,22) (75,85) (76,88) (47,49) (39,46) (66,78) (42,53) (62,79) (83,99) (60,70) (29,31) (54,60) (19,21) (89,97) (65,84)
(92,111) (7,8) (2,2) (91,115) (60,72) (82,95) (73,91) (36,43) (8,9) (85,92) (7,9) (42,52) (2,2) (72,83) (87,112)
(57,70) (64,83) (83,90) (33,35) (19,20) (19,22) (91,96) (39,45) (96,102) (93,117) (24,26) (39,43) (73,84) (86,101) (74,85)
(44,49) (59,67) (8,9) (28,34) (32,32) (41,47) (25,29) (4,5) (68,80) (78,82) (89,116) (27,28) (29,37) (17,18) (41,53)
(83,97) (56,63) (44,56) (93,94) (63,79) (83,101) (40,47) (4,5) (15,17) (15,16) (52,67) (38,42) (76,78) (54,68) (31,38)
(65,80) (89,109) (16,20) (46,59) (77,87) (65,72) (59,68) (21,23) (71,86) (46,58) (37,42) (7,8) (11,12) (22,26) (61,65)
(12,13) (21,22) (59,64) (41,46) (21,23) (81,99) (60,74) (50,54) (25,28) (51,54) (52,58) (54,59) (28,33) (80,83) (30,36)
(48,53) (28,28) (67,72) (25,29) (65,74) (4,5) (18,21) (89,108) (23,29) (54,61) (57,71) (46,51) (83,99) (82,96) (92,111)
(35,43) (33,37) (64,80) (62,71) (29,35) (40,42) (51,62) (72,89) (42,48) (13,14) (41,49) (6,6) (32,33) (91,95) (36,39)
(59,64) (9,11) (88,104) (37,40) (28,30) (23,26) (13,15) (59,72) (44,54) (92,97) (83,103) (71,82) (18,22) (78,96) (11,12)
(74,75) (61,64) (41,54) (25,31) (93,103) (62,72) (39,43) (59,63) (61,66) (75,93) (41,42) (8,9) (20,25) (11,12) (68,74)
(9,11) (21,24) (9,10) (8,9) (51,64) (31,34) (88,111) (75,79) (2,2) (62,67) (62,67) (94,105) (42,44) (12,12) (41,46)
(66,68) (7,7) (87,93) (50,56) (85,99) (4,5) (1,1) (54,66) (80,83) (46,57) (35,41) (8,9) (88,97) (39,42) (11,12)
(42,51) (24,27) (24,28) (14,14) (33,42) (55,62) (29,35) (63,68) (4,5) (14,16) (68,72) (91,107) (21,26) (58,73) (60,74)
