# int__atai50_15_10  50 jobs  15 machines
50 15
2 10 12 8 9 0 14 13 6 7 4 11 3 5 1
3 1 10 12 0 2 9 8 13 11 6 14 5 4 7
8 0 2 1 3 7 13 6 4 10 12 11 5 9 14
10 4 1 6 12 3 5 11 14 2 13 9 8 0 7
2 1 14 8 11 13 12 6 5 3 7 4 9 0 10
11 12 9 7 14 6 2 1 4 0 3 8 10 13 5
0 8 12 1 5 4 7 14 10 2 11 9 13 3 6
3 7 13 9 12 8 10 11 4 2 0 5 1 6 14
13 12 9 6 3 14 2 8 10 11 4 1 5 7 0
9 10 8 12 13 11 1 5 2 7 14 6 3 0 4
7 3 2 8 6 10 5 1 13 0 12 11 14 4 9
8 12 1 2 14 4 10 5 6 9 0 13 11 7 3
9 13 3 14 5 2 11 0 6 8 4 12 10 7 1
12 3 5 8 7 13 6 1 14 0 11 2 4 10 9
6 4 1 5 3 9 0 7 14 11 10 8 13 12 2
1 8 0 9 10 13 7 5 4 6 14 11 12 3 2
7 13 1 9 6 10 2 8 12 4 11 14 5 3 0
13 3 2 4 0 8 12 11 7 6 10 1 14 9 5
4 9 1 6 0 5 13 2 12 3 10 14 7 8 11
0 3 2 13 12 10 5 14 1 6 11 8 9 4 7
4 1 13 9 10 0 7 8 14 6 3 11 5 12 2
12 6 10 0 5 3 13 1 11 8 14 9 2 7 4
9 6 3 0 12 2 5 7 8 13 14 4 10 11 1
0 3 8 13 11 12 14 7 9 6 10 1 2 4 5
2 5 0 12 13 9 3 11 10 8 4 7 6 1 14
13 2 4 6 12 9 7 1 11 3 8 14 5 10 0
0 11 8 4 7 6 13 1 5 3 9 10 2 14 12
10 5 0 9 1 13 3 7 4 6 12 8 14 11 2
1 8 4 10 13 3 12 0 14 9 6 11 7 2 5
8 13 6 3 1 7 9 0 12 14 2 4 10 5 11
4 3 12 1 13 0 6 8 14 2 7 9 11 10 5
0 8 1 7 14 5 4 10 9 12 6 2 13 3 11
3 6 12 11 0 2 5 1 14 8 13 4 9 10 7
5 4 14 7 0 8 13 2 12 9 1 6 11 10 3
6 9 12 11 2 1 8 5 14 10 4 7 13 3 0
10 2 4 0 14 12 13 1 8 5 9 6 7 11 3
11 4 8 6 2 7 14 12 5 3 0 1 9 13 10
14 7 2 11 0 4 9 8 5 6 10 3 13 12 1
0 14 11 4 2 6 5 13 12 1 10 7 8 9 3
2 5 13 8 11 12 6 4 9 10 14 7 0 1 3
1 9 4 5 2 0 13 7 6 11 3 12 8 10 14
6 4 11 8 10 7 5 13 3 1 12 2 9 14 0
12 2 6 5 14 10 8 0 9 7 1 4 11 13 3
14 9 5 1 0 3 6 7 2 13 12 10 11 4 8
9 4 1 14 7 6 0 10 12 5 13 8 11 3 2
2 5 8 12 0 10 6 9 4 3 1 7 14 13 11
10 3 9 14 13 5 2 0 4 6 12 7 11 8 1
7 10 9 14 5 12 8 11 3 2 13 0 6 4 1
7 0 2 3 11 14 5 12 4 9 1 13 8 10 6
9 2 6 8 7 12 0 3 14 13 10 11 1 5 4
(76,94) (33,36) (28,34) (8,9) (10,10) (71,86) (90,96) (30,37) (10,10) (80,82) (44,56) (73,87) (24,25) (87,99) (38,46)
(89,95) (52,59) (16,20) (74,88) (84,97) (82,103) (25,30) (91,111) (22,24) (50,53) (72,79) (79,92) (15,18) (14,16) (31,36)
(34,41) (55,58) (32,39) (62,71) (70,83) (78,81) (23,23) (44,47) (8,9) (72,76) (44,47) (5,6) (7,8) (62,63) (71,85)
(73,74) (13,14) (75,90) (87,107) (31,38) (25,28) (8,9) (2,2) (27,32) (28,35) (59,64) (46,58) (25,29) (75,93) (8,9)
(93,111) (67,70) (62,81) (91,113) (66,80) (74,91) (54,64) (2,2) (58,66) (97,107) (13,15) (3,3) (63,67) (55,63) (59,73)
(42,47) (81,104) (7,7) (68,82) (42,47) (36,37) (41,47) (88,114) (69,76) (90,107) (29,32) (5,5) (56,65) (67,73) (78,99)
(83,95) (95,98) (12,14) (19,20) (48,55) (18,22) (39,49) (63,77) (23,29) (93,99) (11,13) (20,26) (28,35) (6,7) (84,96)
(86,88) (4,5) (92,109) (51,64) (22,23) (73,88) (80,99) (45,57) (88,110) (95,95) (15,18) (33,36) (83,94) (36,40) (51,60)
(78,92) (56,58) (52,62) (85,97) (21,27) (89,94) (35,43) (79,88) (95,123) (26,28) (15,17) (7,9) (66,73) (76,85) (50,55)
(41,45) (47,52) (13,15) (27,28) (90,99) (87,106) (78,82) (78,95) (12,14) (78,83) (33,35) (18,21) (67,75) (3,3) (65,73)
(60,70) (56,66) (75,91) (17,19) (17,18) (49,56) (3,3) (9,10) (7,7) (60,76) (86,96) (64,69) (90,93) (61,79) (59,65)
(32,39) (85,98) (35,41) (67,72) (32,34) (84,106) (26,31) (95,108) (93,100) (30,35) (11,12) (78,85) (84,95) (68,77) (58,73)
(78,87) (83,103) (1,1) (17,21) (16,19) (93,116) (81,93) (11,11) (18,18) (40,41) (70,88) (15,18) (50,52) (77,91) (74,92)
(66,74) (39,44) (96,115) (28,29) (60,74) (80,80) (37,46) (1,1) (21,23) (37,40) (67,70) (85,95) (86,102) (92,106) (2,2)
(74,80) (78,84) (41,46) (63,79) (4,4) (60,63) (48,55) (92,95) (73,78) (73,94) (10,11) (74,86) (54,61) (91,115) (91,107)
(75,91) (40,43) (96,107) (87,100) (22,25) (1,1) (22,25) (48,52) (12,14) (26,28) (16,21) (34,35) (48,49) (28,29) (31,36)
(87,109) (50,55) (33,37) (53,59) (20,23) (34,42) (11,12) (51,62) (43,54) (55,59) (76,91) (32,38) (62,77) (60,65) (22,25)
(93,108) (14,16) (66,68) (35,46) (7,7) (23,25) (74,82) (81,91) (49,61) (66,84) (57,64) (64,70) (12,15) (39,45) (43,51)
(31,39) (91,116) (67,82) (26,32) (79,87) (36,39) (98,107) (84,93) (82,88) (52,58) (25,27) (88,98) (31,36) (30,36) (25,29)
(17,22) (30,33) (96,97) (92,104) (74,92) (72,90) (40,44) (33,37) (88,95) (50,56) (47,59) (70,83) (49,53) (19,24) (6,7)
(85,101) (90,104) (84,104) (55,62) (86,97) (11,13) (94,104) (66,80) (73,83) (92,97) (59,71) (37,38) (84,95) (82,87) (39,48)
(74,94) (1,1) (46,57) (30,32) (21,23) (55,69) (68,79) (93,103) (84,104) (40,46) (30,35) (4,5) (61,75) (44,46) (28,32)
(32,33) (48,54) (69,81) (26,33) (64,83) (11,11) (22,28) (95,110) (70,72) (23,29) (52,56) (89,96) (53,60) (12,13) (59,76)
(63,76) (19,22) (6,7) (43,46) (93,99) (4,5) (45,51) (51,64) (90,104) (14,15) (48,53) (68,73) (1,1) (3,4) (22,24)
(13,17) (3,3) (33,39) (13,15) (45,55) (77,80) (79,102) (75,86) (14,16) (6,6) (26,32) (33,39) (63,81) (50,51) (84,104)
(8,10) (41,47) (74,85) (9,11) (40,48) (94,110) (64,69) (92,104) (24,28) (80,92) (20,25) (75,84) (25,28) (29,34) (66,82)
(82,103) (95,114) (58,65) (6,7) (78,87) (83,91) (5,6) (26,28) (47,49) (77,87) (62,68) (20,24) (44,48) (88,107) (12,14)
(75,83) (24,27) (26,31) (14,14) (33,36) (16,19) (90,96) (5,5) (5,5) (89,92) (51,56) (65,67) (81,104) (50,57) (95,104)
(31,34) (62,63) (21,25) (36,42) (68,82) (78,79) (46,50) (63,68) (83,96) (18,20) (75,81) (22,23) (31,36) (84,93) (17,22)
(23,23) (24,26) (21,23) (40,45) (5,6) (9,10) (29,30) (50,56) (60,61) (80,93) (48,62) (4,5) (85,108) (35,41) (30,38)
(15,18) (79,90) (18,20) (71,81) (26,30) (19,20) (52,63) (43,53) (90,111) (8,9) (6,6) (85,96) (2,2) (46,46) (21,25)
(56,71) (47,53) (30,39) (55,64) (11,13) (76,94) (66,77) (94,110) (43,53) (68,74) (58,66) (13,15) (10,12) (46,55) (31,37)
(41,49) (33,39) (93,99) (63,67) (13,14) (36,39) (93,116) (33,41) (66,70) (60,68) (38,45) (67,73) (42,50) (71,73) (36,38)
(83,95) (10,13) (32,34) (83,91) (9,10) (32,36) (77,91) (90,114) (58,60) (21,23) (62,72) (19,20) (92,103) (16,19) (33,34)
(42,49) (42,46) (77,86) (36,37) (8,10) (12,12) (4,4) (8,8) (2,2) (76,78) (42,46) (26,33) (9,10) (16,18) (17,20)
(77,91) (31,34) (37,47) (79,93) (30,33) (71,91) (75,77) (6,7) (17,17) (27,30) (73,79) (65,80) (19,22) (26,33) (77,92)
(47,57) (72,77) (34,38) (11,13) (78,82) (69,80) (76,81) (47,58) (66,77) (29,32) (50,55) (32,40) (69,75) (51,58) (19,23)
(93,100) (73,75) (39,46) (66,72) (40,52) (74,87) (92,109) (5,5) (35,43) (55,66) (20,22) (65,72) (5,5) (40,46) (8,8)
(11,13) (44,47) (32,38) (43,50) (10,11) (5,5) (59,72) (15,17) (90,106) (79,91) (30,36) (28,36) (20,22) (55,62) (28,30)
(22,22) (81,89) (55,56) (95,118) (41,49) (41,47) (61,69) (12,13) (80,97) (51,57) (41,44) (39,42) (84,89) (28,32) (47,51)
(61,78) (65,70) (14,14) (67,71) (62,71) (32,33) (78,91) (54,57) (17,18) (50,56) (93,116) (27,31) (77,95) (61,78) (27,29)
(86,90) (79,99) (94,102) (52,59) (75,87) (92,104) (39,42) (61,65) (95,103) (38,39) (69,84) (38,44) (23,27) (12,12) (91,109)
(20,24) (8,8) (78,93) (2,2) (64,82) (31,34) (22,25) (20,23) (68,78) (14,15) (31,35) (68,75) (74,96) (46,50) (37,43)
(16,21) (22,22) (55,69) (58,67) (65,74) (85,101) (31,33) (15,16) (75,76) (62,71) (46,46) (56,60) (71,83) (99,121) (6,7)
(4,4) (74,92) (8,9) (34,38) (65,75) (85,106) (39,43) (89,95) (9,9) (96,102) (91,113) (38,41) (57,73) (86,92) (68,70)
(34,34) (58,75) (87,109) (54,59) (91,114) (21,26) (47,49) (90,110) (53,59) (7,7) (91,102) (14,17) (69,79) (38,45) (30,33)
(27,34) (87,98) (5,6) (82,103) (80,96) (6,7) (68,73) (6,6) (55,59) (86,109) (91,99) (73,89) (69,75) (85,107) (67,68)
(25,29) (44,45) (52,64) (90,109) (35,43) (61,77) (61,67) (50,52) (58,61) (65,72) (84,93) (46,52) (62,66) (38,43) (74,84)
(28,35) (40,50) (54,60) (91,96) (9,10) (30,34) (77,82) (50,60) (50,56) (80,102) (8,9) (30,34) (90,111) (92,102) (30,38)
(39,43) (11,13) (33,41) (24,25) (40,43) (84,100) (71,77) (44,54) (29,36) (88,108) (2,2) (86,91) (56,65) (82,88) (33,36)
