# int__atai15_15_03  15 jobs  15 machines
15 15
7 11 8 3 12 1 13 0 14 6 9 4 2 10 5
12 1 11 9 6 3 2 4 5 8 13 14 10 0 7
1 2 9 0 3 5 8 4 14 10 12 13 7 6 11
13 10 6 2 14 7 4 11 0 5 9 3 8 1 12
1 8 4 14 6 5 3 2 9 10 13 7 11 0 12
5 14 2 12 10 1 11 4 6 9 0 13 8 3 7
5 2 0 1 8 14 11 10 7 9 6 12 4 13 3
4 7 10 1 9 8 2 14 11 3 5 6 13 12 0
14 11 0 9 10 5 3 12 8 13 6 1 7 2 4
9 0 3 10 12 13 5 1 6 14 8 11 2 7 4
7 2 1 12 3 14 4 6 5 9 8 13 10 0 11
0 8 14 12 9 5 6 10 7 11 3 4 1 13 2
8 12 10 11 14 3 6 1 4 5 0 9 13 2 7
13 2 11 0 14 10 3 1 12 4 5 6 7 9 8
1 13 0 11 2 10 4 8 3 5 7 6 9 12 14
(66,74) (78,82) (79,95) (61,63) (76,94) (3,3) (38,44) (59,71) (52,59) (65,80) (85,95) (78,89) (3,3) (12,12) (87,95)
(80,99) (51,62) (46,47) (15,18) (87,102) (73,94) (50,59) (18,19) (21,26) (81,86) (26,27) (29,34) (5,6) (88,103) (22,26)
(59,63) (46,57) (88,103) (53,61) (38,42) (74,89) (69,72) (94,116) (19,21) (33,39) (44,52) (70,76) (89,95) (9,11) (20,24)
(31,40) (81,93) (76,100) (29,31) (94,107) (30,34) (11,13) (25,28) (41,41) (55,64) (12,14) (10,11) (92,97) (3,4) (72,77)
(35,36) (47,52) (10,12) (42,45) (67,81) (72,76) (18,20) (63,74) (37,41) (57,63) (31,39) (11,13) (70,74) (85,104) (12,14)
(83,101) (31,34) (6,7) (13,13) (83,91) (93,106) (35,43) (76,89) (46,47) (29,37) (55,68) (61,77) (32,36) (50,53) (71,81)
(28,31) (75,84) (21,24) (27,33) (17,21) (42,45) (14,14) (15,16) (15,18) (48,51) (71,81) (19,23) (99,110) (38,44) (62,77)
(12,15) (73,78) (4,5) (3,3) (15,19) (59,70) (50,61) (38,42) (47,56) (24,29) (18,21) (53,64) (5,5) (68,85) (26,31)
(68,79) (13,16) (32,36) (46,48) (86,98) (30,32) (97,113) (47,55) (24,31) (38,42) (92,116) (21,23) (59,67) (58,61) (16,18)
(26,31) (4,4) (34,40) (78,100) (49,59) (45,55) (81,102) (45,54) (92,97) (68,83) (18,19) (22,24) (93,106) (72,91) (22,25)
(35,39) (17,21) (78,83) (65,74) (46,52) (5,5) (50,51) (22,24) (82,84) (35,43) (92,113) (7,7) (52,62) (91,109) (37,46)
(76,82) (57,68) (61,71) (42,45) (1,1) (55,68) (73,90) (47,60) (79,91) (25,30) (77,93) (9,10) (23,26) (23,29) (40,52)
(37,45) (83,92) (37,46) (38,44) (80,99) (35,44) (11,12) (16,19) (97,116) (14,17) (55,65) (64,74) (57,60) (92,100) (17,19)
(10,12) (84,90) (91,111) (60,76) (58,66) (60,68) (75,87) (89,105) (39,43) (76,91) (8,10) (27,29) (93,104) (67,83) (61,73)
(72,83) (12,15) (14,17) (70,88) (3,3) (46,58) (80,93) (81,103) (51,64) (57,63) (91,117) (85,90) (87,107) (67,80) (74,88)
