# int__atai50_15_03  50 jobs  15 machines
50 15
14 2 5 1 3 7 10 4 11 8 0 9 6 13 12
1 0 5 2 4 7 3 10 13 14 12 11 6 8 9
13 14 1 4 8 7 0 6 9 2 10 12 5 3 11
9 10 3 4 12 6 1 14 0 7 13 11 5 2 8
1 2 0 3 8 13 4 7 14 12 11 10 9 5 6
8 9 2 1 7 3 14 10 11 5 12 0 4 13 6
10 14 7 11 4 3 2 13 5 8 9 0 1 6 12
12 14 10 2 1 9 6 11 13 0 5 7 3 4 8
3 12 11 8 7 0 13 2 4 9 1 10 6 14 5
10 4 6 13 8 0 14 2 9 3 1 12 7 11 5
13 4 7 5 8 3 6 2 9 11 0 12 1 10 14
4 2 6 5 1 13 3 0 14 8 10 9 12 7 11
0 13 4 11 5 12 10 3 9 6 2 14 7 8 1
0 13 3 1 8 6 12 2 14 5 11 4 9 10 7
11 0 3 8 9 5 1 4 7 13 6 2 14 12 10
11 9 3 10 5 7 2 12 0 8 13 4 6 1 14
5 0 7 6 2 12 13 11 9 3 1 8 10 4 14
5 7 12 6 8 0 1 14 2 4 13 9 10 11 3
4 8 2 11 9 3 5 7 13 10 12 1 6 14 0
10 12 3 5 1 11 6 8 14 4 7 2 9 0 13
11 13 1 6 4 10 9 7 5 12 3 2 0 8 14
7 9 14 0 5 3 13 12 1 6 2 4 8 10 11
12 0 14 1 7 9 8 2 4 5 6 10 13 3 11
8 9 11 5 10 12 13 7 1 0 2 4 3 6 14
6 14 12 1 0 7 11 10 8 13 2 5 3 9 4
9 5 13 12 8 1 3 2 14 0 11 10 6 7 4
0 6 3 10 5 4 9 12 1 14 7 2 11 13 8
5 9 12 14 10 2 7 0 6 4 1 13 11 3 8
4 0 5 11 10 12 9 7 13 3 8 2 14 1 6
13 12 3 10 2 4 7 5 14 0 8 11 1 6 9
11 14 5 7 12 6 10 13 9 2 8 1 3 0 4
1 6 5 0 11 12 2 9 4 10 7 14 13 8 3
5 9 6 14 4 0 3 11 1 13 2 7 8 12 10
6 3 13 2 4 14 0 12 10 5 1 9 11 7 8
13 9 11 4 3 0 7 1 2 14 5 8 6 10 12
8 3 5 6 2 12 4 10 7 1 13 14 0 11 9
2 8 7 4 3 6 12 5 13 10 14 9 1 0 11
10 14 13 6 11 0 1 3 12 8 7 2 4 9 5
1 8 13 12 11 7 0 2 6 3 4 9 5 10 14
7 2 0 8 5 11 6 9 12 10 1 13 14 4 3
4 1 14 6 13 9 8 12 3 5 0 10 11 2 7
13 5 6 9 0 10 4 8 12 11 1 14 7 3 2
4 7 3 5 1 10 2 9 8 13 6 12 11 14 0
9 1 10 12 8 13 0 3 2 11 14 4 5 6 7
0 2 12 10 14 3 8 9 1 4 7 5 13 6 11
10 7 14 13 4 1 12 0 11 6 2 5 3 8 9
14 7 0 13 10 11 5 1 8 3 2 6 4 12 9
9 7 8 13 10 2 3 6 4 12 0 5 1 11 14
12 7 8 14 10 0 13 4 6 9 11 5 1 2 3
13 14 6 9 0 3 8 5 11 12 10 2 7 1 4
(65,82) (21,23) (7,7) (19,22) (79,102) (73,79) (12,14) (68,78) (38,48) (9,10) (60,69) (64,78) (57,63) (35,38) (15,18)
(60,71) (81,94) (31,35) (55,57) (59,66) (65,83) (9,9) (50,55) (88,91) (96,103) (49,59) (82,100) (40,52) (69,73) (30,31)
(20,24) (39,44) (28,32) (49,58) (22,28) (33,34) (10,10) (68,75) (40,44) (14,16) (62,71) (40,41) (14,16) (69,87) (47,48)
(46,58) (31,35) (94,121) (51,51) (82,99) (47,54) (32,36) (85,105) (72,86) (23,28) (8,9) (47,60) (85,100) (95,104) (82,99)
(12,14) (64,68) (3,4) (85,108) (26,31) (65,71) (24,30) (24,25) (4,5) (43,46) (33,37) (50,59) (39,44) (83,100) (99,111)
(74,78) (1,1) (79,94) (59,75) (49,61) (14,16) (77,84) (66,85) (94,104) (18,19) (14,17) (63,79) (73,82) (81,97) (1,1)
(23,26) (56,68) (33,39) (52,59) (25,31) (12,13) (95,116) (74,94) (49,60) (82,100) (5,5) (70,82) (12,13) (24,28) (40,50)
(66,81) (64,68) (14,17) (93,114) (18,21) (94,99) (55,61) (52,56) (72,92) (5,6) (81,96) (89,96) (8,9) (94,112) (77,96)
(89,108) (73,77) (72,76) (76,81) (57,62) (38,42) (35,42) (38,43) (44,48) (33,35) (47,48) (69,81) (70,86) (74,76) (42,43)
(38,45) (41,43) (9,9) (29,35) (80,89) (4,5) (41,51) (68,86) (90,104) (26,31) (43,48) (74,77) (52,64) (88,114) (87,112)
(7,8) (55,64) (19,22) (38,44) (59,63) (10,10) (91,108) (33,42) (82,104) (60,77) (28,31) (4,4) (49,59) (61,73) (46,52)
(62,69) (57,70) (73,87) (87,103) (9,9) (60,67) (64,78) (2,2) (81,95) (82,104) (26,28) (69,74) (5,6) (56,65) (68,76)
(36,42) (32,38) (77,95) (8,10) (82,101) (73,94) (89,112) (5,5) (22,26) (69,79) (23,29) (1,1) (38,40) (1,1) (71,78)
(42,54) (46,50) (57,61) (56,68) (75,77) (12,13) (87,91) (39,48) (88,90) (23,27) (24,28) (57,69) (54,64) (16,17) (32,37)
(50,62) (19,21) (56,69) (95,100) (11,12) (39,45) (58,66) (7,8) (33,35) (89,109) (20,23) (42,45) (78,97) (54,55) (34,39)
(12,15) (24,27) (15,18) (63,71) (61,66) (4,4) (35,39) (32,37) (74,89) (66,73) (75,82) (39,48) (74,88) (50,53) (79,90)
(63,74) (60,65) (47,55) (73,90) (73,77) (63,73) (25,29) (72,88) (11,13) (42,51) (65,79) (92,107) (89,96) (60,77) (84,102)
(30,36) (6,7) (59,70) (80,98) (72,72) (20,20) (17,21) (74,80) (3,4) (93,118) (92,110) (21,27) (4,4) (63,74) (70,82)
(21,21) (44,54) (85,106) (30,34) (90,105) (31,37) (81,98) (10,10) (30,32) (24,26) (37,41) (88,91) (18,20) (2,2) (1,1)
(30,35) (75,94) (62,74) (1,1) (64,69) (35,37) (35,43) (53,61) (22,23) (83,98) (70,77) (8,8) (59,62) (36,45) (36,41)
(4,4) (68,72) (38,43) (16,18) (33,36) (25,29) (43,55) (83,105) (42,45) (11,11) (17,22) (11,13) (17,19) (74,92) (49,51)
(33,35) (37,42) (72,81) (54,63) (57,61) (87,108) (78,98) (89,106) (44,53) (49,62) (19,22) (69,86) (14,17) (13,14) (55,66)
(63,76) (13,16) (21,25) (88,100) (3,3) (3,3) (76,96) (45,53) (44,56) (51,61) (86,105) (84,94) (60,76) (67,84) (88,93)
(84,98) (17,20) (86,90) (93,114) (53,58) (72,92) (17,22) (79,100) (54,65) (3,4) (30,38) (14,17) (91,105) (45,52) (3,3)
(93,98) (32,40) (72,75) (86,90) (50,55) (36,39) (41,44) (28,33) (81,85) (81,85) (71,75) (12,15) (9,11) (51,55) (20,25)
(11,12) (59,66) (46,56) (11,14) (40,45) (7,8) (30,38) (49,57) (2,2) (80,90) (45,56) (26,30) (50,57) (86,109) (59,73)
(96,119) (51,55) (40,49) (5,6) (20,25) (93,99) (48,53) (23,28) (34,42) (27,30) (73,75) (21,21) (60,70) (83,95) (32,35)
(53,66) (97,103) (47,53) (42,52) (28,31) (37,43) (12,13) (67,85) (84,99) (72,85) (44,48) (95,115) (95,101) (75,83) (1,1)
(89,111) (41,50) (24,29) (33,35) (58,59) (10,11) (44,51) (37,46) (79,88) (28,35) (68,72) (69,71) (27,28) (23,29) (44,54)
(28,33) (15,18) (76,90) (31,34) (29,35) (72,77) (91,94) (74,93) (5,6) (86,103) (24,30) (6,7) (69,86) (54,59) (52,63)
(38,45) (67,83) (51,63) (78,90) (5,5) (47,50) (41,45) (4,5) (63,71) (47,57) (70,78) (76,87) (17,21) (62,77) (52,61)
(49,54) (87,91) (60,76) (94,108) (75,95) (29,30) (17,19) (13,14) (64,67) (59,66) (89,102) (13,16) (76,80) (80,92) (75,82)
(22,25) (36,43) (94,98) (10,10) (61,67) (21,27) (87,112) (69,73) (21,27) (52,61) (82,94) (47,59) (30,34) (61,68) (65,68)
(87,99) (78,89) (9,10) (17,22) (51,67) (19,23) (58,60) (24,29) (51,64) (68,72) (16,18) (31,35) (59,75) (78,97) (90,97)
(44,50) (7,8) (74,85) (84,104) (12,16) (3,3) (58,71) (61,72) (59,70) (75,90) (30,38) (44,51) (12,14) (75,85) (6,7)
(72,73) (67,76) (96,101) (24,25) (8,9) (98,116) (63,68) (2,2) (90,104) (3,3) (58,65) (91,95) (40,50) (80,85) (58,74)
(14,16) (81,103) (2,2) (4,5) (68,77) (42,52) (71,81) (73,85) (27,29) (15,16) (36,42) (57,65) (45,54) (62,74) (40,45)
(53,58) (84,96) (67,79) (54,59) (46,52) (17,19) (2,2) (64,66) (67,71) (57,65) (65,82) (37,44) (43,45) (14,17) (90,102)
(57,72) (98,109) (96,120) (14,17) (3,3) (25,27) (6,7) (45,52) (34,39) (70,77) (48,52) (89,103) (38,43) (71,92) (40,45)
(40,50) (39,43) (95,108) (48,53) (53,59) (13,17) (62,77) (53,55) (82,96) (25,28) (55,59) (67,79) (96,99) (6,7) (40,46)
(87,89) (42,49) (40,43) (46,57) (44,57) (69,78) (8,10) (36,40) (16,16) (81,86) (82,94) (48,62) (71,81) (27,30) (83,90)
(6,6) (46,54) (68,84) (95,121) (18,22) (24,26) (36,42) (37,47) (85,105) (95,108) (19,23) (74,80) (90,94) (89,95) (14,16)
(55,65) (14,16) (61,73) (33,37) (25,26) (69,77) (48,58) (15,17) (6,7) (74,80) (36,38) (8,8) (63,77) (36,42) (25,28)
(91,105) (34,38) (62,77) (85,95) (43,46) (41,46) (29,32) (60,67) (84,91) (52,61) (58,73) (16,18) (47,53) (60,70) (52,54)
(44,49) (90,112) (4,4) (57,73) (3,3) (33,39) (8,10) (77,81) (21,25) (98,115) (9,11) (61,69) (81,89) (54,64) (52,62)
(89,95) (14,16) (88,96) (52,64) (29,30) (65,80) (48,51) (55,63) (41,47) (26,32) (8,9) (7,7) (99,112) (22,25) (74,90)
(65,75) (76,81) (31,36) (92,113) (70,79) (45,51) (66,71) (94,122) (42,49) (59,69) (82,86) (43,53) (2,2) (58,67) (44,56)
(26,30) (69,85) (60,76) (7,8) (76,93) (3,3) (29,30) (36,38) (9,11) (13,13) (69,87) (96,114) (16,17) (17,17) (39,44)
(51,64) (95,116) (24,31) (91,106) (53,67) (54,59) (49,56) (90,105) (40,46) (50,59) (61,67) (40,46) (1,1) (56,63) (9,11)
(63,71) (79,85) (30,35) (46,52) (19,21) (61,68) (11,11) (43,48) (55,56) (59,73) (80,104) (62,77) (82,89) (7,8) (10,10)
