# int__atai30_20_02  30 jobs  20 machines
30 20
4 10 12 5 3 8 19 15 6 0 11 13 1 16 17 18 2 14 7 9
6 1 2 13 11 3 12 14 10 19 7 18 16 17 15 5 0 4 9 8
17 15 8 16 1 10 13 14 6 12 0 9 5 18 2 4 3 19 11 7
7 1 2 17 16 8 9 4 15 14 6 18 13 3 0 11 19 12 5 10
10 1 7 3 17 0 2 18 12 16 6 13 11 8 15 19 9 14 5 4
4 8 3 9 12 2 6 18 5 19 1 11 17 0 13 16 14 7 15 10
17 4 13 19 15 3 2 1 7 16 8 10 12 6 11 9 14 18 5 0
10 1 0 17 18 7 16 6 15 12 2 11 4 8 14 5 19 13 3 9
17 0 9 7 4 2 5 18 11 12 14 13 19 3 8 10 1 15 6 16
11 1 9 16 12 3 6 13 10 14 8 19 4 18 0 5 17 15 2 7
19 18 14 10 13 5 3 11 8 7 16 0 6 4 2 12 9 15 17 1
5 18 6 9 17 12 3 14 15 0 19 4 2 1 10 8 16 11 13 7
2 0 5 18 19 9 7 10 11 4 8 15 17 1 14 6 12 13 16 3
10 12 4 8 13 17 2 19 15 16 3 0 6 5 1 11 18 14 7 9
1 16 19 0 17 15 2 9 3 6 10 18 7 14 13 8 12 11 4 5
2 14 9 16 3 0 4 12 13 19 17 15 8 18 11 7 6 1 5 10
17 8 19 7 4 18 12 13 3 11 6 9 1 5 10 15 0 14 2 16
13 2 6 14 18 7 8 0 16 1 3 10 19 4 12 11 5 15 17 9
15 19 11 0 4 10 7 1 8 6 9 18 14 13 3 12 2 5 16 17
17 8 4 10 12 0 11 9 7 16 18 19 1 13 3 6 2 14 15 5
8 1 11 19 16 5 17 7 2 15 12 0 9 3 13 6 4 10 14 18
16 13 0 1 10 15 14 8 17 18 19 2 4 12 7 6 9 11 3 5
7 6 4 17 15 14 19 8 10 0 3 12 16 5 13 9 18 2 1 11
9 1 4 11 17 16 12 14 6 2 15 5 10 0 8 13 18 3 7 19
12 3 14 10 0 4 11 5 15 9 2 6 8 13 18 17 1 16 7 19
13 8 4 6 3 7 19 2 5 9 18 11 10 16 0 1 14 12 17 15
10 0 1 13 12 11 5 8 19 2 3 7 4 6 17 9 15 16 14 18
16 19 13 3 15 1 8 14 12 2 5 17 0 9 11 10 18 4 6 7
11 4 8 13 5 3 18 1 17 14 12 9 6 19 10 2 0 7 15 16
16 11 14 8 19 5 17 12 3 15 13 18 9 6 1 0 7 10 4 2
(11,12) (45,53) (32,37) (61,64) (8,10) (97,113) (57,64) (69,76) (81,85) (55,64) (83,91) (59,74) (89,97) (4,5) (16,19) (68,73) (91,103) (15,15) (95,117) (93,95)
(57,62) (63,65) (14,16) (18,23) (14,17) (53,66) (68,75) (29,35) (16,17) (41,48) (77,85) (85,97) (65,75) (62,63) (76,93) (72,93) (19,21) (47,55) (33,33) (67,75)
(69,79) (1,1) (89,90) (79,93) (82,95) (19,23) (72,78) (81,91) (24,28) (66,86) (1,1) (76,83) (34,35) (75,85) (35,38) (23,24) (13,15) (4,5) (80,83) (20,22)
(16,18) (87,92) (22,25) (27,31) (85,97) (97,121) (66,86) (22,26) (84,102) (24,26) (59,64) (32,41) (16,19) (6,6) (91,100) (55,56) (8,8) (75,95) (52,55) (79,98)
(3,3) (50,52) (42,44) (21,22) (65,66) (71,72) (17,20) (95,119) (71,82) (73,90) (92,116) (85,90) (61,64) (76,79) (9,10) (17,18) (30,37) (79,88) (4,5) (31,36)
(44,53) (96,114) (7,8) (53,67) (12,13) (68,69) (25,31) (40,52) (19,21) (91,105) (55,69) (69,76) (66,81) (2,2) (49,58) (39,48) (50,61) (27,30) (34,44) (21,27)
(5,6) (53,64) (2,2) (6,7) (64,72) (41,49) (18,23) (63,75) (49,62) (4,4) (13,13) (44,48) (50,62) (37,46) (14,16) (85,94) (72,74) (64,77) (78,90) (90,93)
(88,99) (37,39) (23,27) (70,81) (11,12) (36,45) (62,75) (16,17) (94,107) (51,52) (9,10) (3,3) (84,101) (45,55) (71,72) (29,32) (22,24) (62,75) (41,48) (49,53)
(78,80) (89,112) (26,29) (80,84) (42,47) (42,46) (90,106) (35,37) (34,44) (72,87) (17,19) (29,32) (15,19) (63,77) (86,108) (75,89) (36,44) (33,43) (38,43) (84,103)
(14,16) (21,26) (70,91) (29,33) (61,73) (67,73) (86,99) (28,29) (84,105) (84,102) (23,26) (53,57) (11,12) (15,17) (20,22) (29,33) (56,67) (75,81) (54,63) (42,48)
(38,40) (33,34) (45,50) (96,105) (66,69) (58,61) (62,72) (47,48) (19,25) (21,23) (15,16) (66,68) (19,23) (38,47) (69,79) (71,79) (48,51) (4,5) (88,93) (43,47)
(32,34) (9,11) (82,102) (70,85) (54,65) (60,67) (15,19) (81,97) (13,14) (47,51) (65,81) (76,91) (50,54) (34,36) (51,66) (61,73) (14,15) (80,97) (77,86) (90,110)
(66,73) (18,22) (65,82) (36,42) (62,66) (88,114) (29,30) (55,61) (1,1) (15,18) (85,98) (36,36) (29,31) (47,52) (7,9) (71,76) (20,22) (26,29) (29,32) (40,51)
(96,117) (72,82) (21,27) (75,79) (58,72) (27,31) (59,68) (94,103) (84,86) (47,51) (84,100) (37,40) (10,12) (67,83) (68,72) (20,20) (70,81) (22,27) (69,83) (49,52)
(38,41) (86,101) (79,91) (39,42) (95,103) (44,47) (11,13) (46,58) (2,2) (8,10) (85,103) (95,99) (62,77) (7,8) (61,76) (19,21) (60,61) (58,69) (45,54) (31,33)
(80,88) (17,22) (74,89) (32,35) (17,21) (9,11) (5,5) (72,87) (74,75) (63,71) (11,11) (68,74) (17,18) (63,70) (35,37) (23,23) (74,76) (63,64) (13,16) (41,52)
(45,51) (49,55) (59,67) (92,105) (14,16) (12,14) (8,9) (16,18) (59,62) (71,83) (66,74) (17,17) (44,53) (84,97) (96,106) (89,108) (87,106) (57,61) (95,118) (54,65)
(27,32) (68,79) (40,47) (93,106) (14,14) (77,91) (57,58) (15,16) (43,49) (43,50) (38,46) (11,13) (68,84) (95,102) (19,21) (79,89) (23,25) (26,28) (53,56) (13,14)
(88,112) (4,4) (30,34) (73,81) (91,109) (66,74) (57,69) (93,110) (15,17) (27,29) (14,17) (60,68) (79,100) (92,105) (54,56) (52,58) (76,85) (39,45) (36,45) (53,58)
(16,17) (97,104) (45,51) (81,85) (13,17) (2,2) (79,82) (66,84) (6,6) (85,110) (66,76) (38,47) (9,10) (87,104) (89,104) (60,78) (13,16) (33,36) (34,40) (79,87)
(97,108) (68,69) (55,64) (67,78) (71,75) (73,79) (49,56) (62,75) (64,67) (56,71) (73,88) (9,10) (69,75) (91,108) (61,73) (20,22) (37,43) (22,23) (78,81) (8,9)
(64,72) (21,24) (57,63) (37,42) (6,7) (62,67) (16,17) (49,51) (45,49) (29,34) (7,7) (75,97) (69,75) (36,39) (22,23) (90,106) (24,30) (71,74) (6,6) (93,115)
(41,43) (88,108) (28,34) (18,21) (7,8) (95,106) (79,102) (39,44) (68,83) (45,54) (73,80) (86,103) (10,13) (65,69) (69,74) (30,35) (8,10) (77,83) (3,3) (82,97)
(61,77) (33,34) (97,106) (64,77) (12,14) (64,71) (31,38) (58,68) (12,12) (83,105) (70,73) (55,68) (92,106) (24,27) (9,11) (25,27) (92,114) (3,4) (39,44) (83,98)
(12,15) (91,106) (72,86) (20,24) (32,35) (87,97) (40,48) (96,106) (4,4) (95,115) (46,53) (22,26) (12,14) (88,109) (25,30) (79,84) (34,37) (80,103) (68,76) (26,33)
(94,102) (48,60) (16,20) (9,11) (72,90) (89,114) (36,41) (37,39) (71,85) (31,31) (72,89) (96,104) (38,41) (41,47) (95,96) (49,63) (28,30) (21,21) (18,19) (49,59)
(55,59) (39,49) (4,5) (72,91) (82,86) (56,62) (42,53) (73,86) (63,81) (67,77) (76,90) (85,95) (49,59) (5,5) (34,44) (16,19) (29,32) (34,40) (33,40) (87,98)
(97,110) (31,34) (40,47) (32,41) (22,24) (38,41) (70,82) (48,56) (67,81) (27,29) (53,61) (58,74) (61,65) (82,102) (2,2) (84,99) (17,21) (70,89) (25,32) (90,98)
(20,25) (50,54) (97,100) (76,81) (20,22) (48,55) (43,52) (67,72) (46,59) (92,98) (18,24) (39,42) (56,59) (74,77) (16,18) (39,42) (69,78) (92,116) (15,17) (49,58)
(44,49) (21,27) (86,99) (41,50) (41,52) (95,107) (88,112) (33,39) (43,45) (67,70) (73,91) (53,57) (1,1) (72,85) (56,64) (88,92) (13,15) (96,122) (80,89) (69,89)
