# int__atai50_15_07  50 jobs  15 machines
50 15
11 3 12 0 14 9 1 6 2 13 7 4 5 8 10
2 8 14 1 0 10 6 12 7 9 3 4 11 13 5
13 0 5 6 14 11 4 3 7 9 12 8 2 10 1
13 4 9 11 1 6 12 2 10 3 0 7 14 8 5
9 3 4 7 11 0 8 10 6 5 14 12 1 2 13
2 0 5 3 12 1 4 6 9 7 8 10 14 13 11
6 1 9 2 7 10 4 11 0 13 14 12 3 5 8
2 13 14 4 3 10 7 9 6 5 1 11 12 0 8
7 14 12 2 13 8 6 0 1 5 11 9 4 3 10
10 5 7 3 12 6 2 0 13 8 14 9 11 4 1
13 4 14 6 3 2 5 8 9 12 7 0 11 10 1
9 14 7 6 11 12 4 5 10 13 3 1 8 0 2
8 10 7 11 13 1 2 3 14 12 9 4 5 6 0
5 10 2 4 7 9 12 3 13 1 14 6 8 0 11
13 1 11 7 3 8 5 4 2 6 0 14 9 12 10
3 4 7 9 8 5 11 14 12 2 6 10 0 13 1
10 3 9 14 0 7 13 12 6 11 4 8 1 2 5
9 12 13 14 6 2 4 7 0 8 11 3 10 5 1
7 3 6 12 13 14 0 5 8 1 11 2 10 9 4
3 11 12 4 6 0 13 8 5 9 7 1 10 14 2
4 2 1 3 13 10 12 8 14 5 7 6 11 0 9
7 8 5 3 13 0 10 12 11 6 2 1 4 9 14
8 13 14 5 12 11 10 9 2 3 7 0 6 1 4
0 9 1 8 6 12 5 7 4 3 2 13 10 14 11
8 5 7 2 6 11 13 4 9 0 1 14 12 10 3
10 11 3 8 2 7 14 4 1 5 0 6 9 13 12
11 0 5 8 9 4 1 6 2 3 14 10 13 12 7
11 0 8 2 1 6 13 9 14 12 10 4 5 3 7
2 12 7 4 13 8 0 9 5 11 1 3 10 6 14
8 3 6 1 12 7 11 4 9 2 10 14 13 5 0
2 6 7 13 8 3 1 10 14 11 9 5 12 4 0
13 5 2 12 1 6 4 0 3 8 7 9 11 10 14
0 13 4 10 14 7 8 1 3 9 6 5 11 12 2
4 13 10 5 8 2 1 3 6 14 12 7 11 9 0
9 13 3 5 12 14 6 1 4 10 2 7 8 11 0
12 6 11 4 1 9 8 5 0 13 2 14 10 3 7
3 10 4 13 9 7 14 12 11 8 2 1 0 5 6
13 12 1 2 8 0 7 4 10 6 9 5 3 11 14
13 8 2 7 11 12 10 9 6 4 1 0 3 5 14
6 11 3 4 8 2 10 13 7 5 9 1 14 0 12
8 2 7 13 9 3 14 12 0 1 10 6 5 11 4
6 4 8 9 2 5 13 1 12 11 14 0 7 10 3
13 9 12 3 14 5 8 7 10 4 11 0 1 2 6
7 3 10 1 8 5 0 11 9 13 2 4 14 6 12
11 13 8 1 12 4 2 10 6 9 3 14 0 7 5
1 11 10 7 5 3 14 2 13 6 4 9 0 12 8
14 11 1 8 5 13 0 9 4 12 6 10 3 2 7
10 5 7 2 11 4 3 14 9 0 12 6 1 13 8
14 12 10 6 4 13 8 7 2 11 5 3 1 0 9
12 2 10 3 4 0 13 14 7 5 6 8 1 11 9
(30,30) (16,18) (70,79) (29,36) (75,84) (44,56) (18,22) (31,40) (33,37) (87,94) (91,96) (83,102) (82,84) (29,35) (72,81)
(14,15) (50,61) (6,7) (32,37) (17,19) (21,24) (63,79) (69,85) (14,16) (84,106) (57,70) (36,39) (54,65) (70,80) (77,87)
(38,44) (26,28) (75,89) (10,11) (47,53) (47,57) (95,103) (22,26) (88,104) (1,1) (3,3) (43,47) (9,10) (76,88) (38,41)
(78,87) (64,68) (38,47) (58,64) (56,63) (94,114) (95,112) (53,66) (87,94) (21,24) (90,100) (3,3) (38,48) (21,24) (72,79)
(5,6) (65,66) (92,97) (88,110) (63,65) (29,33) (91,116) (88,108) (91,110) (46,56) (25,31) (76,89) (3,3) (76,81) (38,41)
(6,6) (60,70) (88,94) (22,22) (17,22) (50,63) (79,84) (47,52) (31,37) (72,91) (47,51) (16,17) (73,91) (54,60) (38,44)
(16,20) (28,31) (93,98) (85,90) (61,64) (45,55) (25,26) (37,45) (27,31) (44,53) (89,104) (65,80) (95,103) (40,51) (57,61)
(48,61) (75,84) (11,13) (75,84) (94,113) (63,74) (23,25) (15,15) (24,28) (40,41) (8,9) (56,69) (67,73) (51,58) (30,34)
(26,31) (36,38) (79,92) (91,93) (90,104) (11,13) (17,21) (70,78) (26,30) (93,98) (14,16) (83,106) (41,50) (3,4) (45,53)
(14,14) (16,18) (55,63) (73,90) (92,115) (32,40) (90,103) (65,70) (67,81) (38,47) (63,70) (78,85) (8,9) (69,84) (73,74)
(84,96) (72,84) (84,101) (78,79) (48,56) (45,49) (44,52) (51,58) (83,93) (28,32) (3,4) (47,55) (6,7) (51,54) (52,57)
(69,74) (9,10) (73,73) (87,100) (56,59) (16,17) (88,92) (52,62) (47,59) (62,71) (17,17) (63,76) (63,80) (94,117) (95,110)
(56,66) (45,58) (93,99) (33,40) (14,17) (11,14) (2,2) (50,55) (29,30) (64,68) (84,87) (57,74) (13,15) (5,5) (16,18)
(61,75) (29,35) (34,42) (6,7) (87,108) (42,44) (35,42) (28,30) (56,65) (38,40) (51,55) (39,42) (90,104) (20,25) (75,79)
(84,94) (94,122) (43,47) (81,95) (43,54) (62,72) (33,40) (47,58) (23,25) (80,99) (52,55) (16,21) (48,53) (31,32) (11,13)
(33,33) (87,93) (47,48) (19,20) (91,111) (56,68) (8,8) (18,22) (21,24) (35,43) (64,76) (36,41) (90,116) (4,5) (2,2)
(49,62) (55,70) (69,71) (72,81) (93,107) (78,83) (35,39) (79,84) (72,83) (19,24) (48,51) (36,45) (76,87) (92,117) (70,79)
(67,85) (88,93) (5,6) (48,61) (30,36) (46,51) (38,40) (79,81) (31,39) (66,74) (90,105) (72,75) (26,29) (60,69) (57,65)
(78,82) (61,65) (18,20) (31,39) (68,86) (80,92) (73,78) (38,39) (69,73) (89,103) (4,4) (52,62) (76,93) (81,81) (69,83)
(94,108) (95,115) (37,41) (94,101) (92,103) (56,65) (44,47) (82,99) (7,8) (78,89) (70,74) (66,76) (45,52) (39,49) (61,70)
(63,81) (63,79) (28,31) (46,56) (27,30) (51,61) (6,6) (69,87) (12,13) (15,18) (58,61) (89,108) (55,57) (35,41) (9,9)
(82,98) (84,91) (70,72) (12,13) (68,72) (38,40) (97,120) (28,34) (31,37) (63,76) (21,24) (84,93) (49,54) (8,9) (87,108)
(92,112) (81,88) (2,2) (4,4) (26,28) (42,51) (35,39) (72,74) (93,99) (21,24) (77,88) (95,110) (74,92) (70,81) (88,110)
(18,20) (16,20) (54,64) (51,62) (85,103) (40,42) (3,3) (3,3) (14,14) (40,43) (67,79) (49,56) (19,23) (39,47) (29,36)
(9,10) (73,83) (65,70) (4,5) (8,9) (69,81) (37,41) (1,1) (99,109) (47,49) (41,52) (71,88) (31,38) (9,10) (1,1)
(82,99) (89,92) (91,116) (15,17) (71,88) (48,52) (81,87) (25,32) (87,92) (10,11) (58,66) (31,33) (77,95) (1,1) (7,8)
(56,63) (93,112) (30,35) (97,117) (86,109) (90,105) (18,21) (40,48) (94,97) (7,8) (79,100) (46,51) (53,58) (94,111) (52,60)
(13,16) (57,62) (44,50) (68,80) (16,17) (86,102) (25,27) (51,62) (69,80) (11,13) (20,23) (27,34) (33,35) (85,108) (26,31)
(40,50) (43,55) (16,18) (93,111) (39,47) (49,52) (52,63) (16,19) (76,90) (43,50) (70,80) (1,1) (67,81) (1,1) (8,9)
(94,115) (36,42) (51,54) (97,112) (40,47) (61,73) (2,2) (66,83) (27,29) (75,85) (13,16) (20,24) (8,9) (63,77) (1,1)
(5,5) (40,44) (26,29) (92,115) (64,79) (91,113) (7,8) (39,44) (40,45) (8,9) (28,34) (26,33) (55,62) (17,17) (75,84)
(38,44) (18,19) (17,19) (90,95) (8,9) (57,65) (65,71) (74,88) (28,31) (20,22) (2,2) (80,88) (63,77) (74,96) (91,102)
(74,83) (13,13) (46,57) (13,14) (37,40) (16,19) (67,76) (38,48) (35,38) (73,77) (84,94) (54,58) (44,47) (53,59) (82,96)
(84,104) (80,101) (12,16) (86,105) (34,35) (10,11) (90,103) (37,41) (4,4) (10,10) (80,88) (85,103) (63,78) (24,26) (48,60)
(72,86) (71,92) (80,95) (70,76) (53,55) (52,64) (85,87) (11,12) (70,82) (26,32) (89,96) (58,69) (24,31) (16,18) (82,93)
(15,20) (63,81) (24,30) (6,7) (79,83) (26,27) (65,78) (41,45) (2,2) (84,90) (85,94) (70,83) (31,35) (32,40) (69,76)
(22,25) (16,18) (44,45) (56,64) (8,10) (60,74) (19,22) (84,100) (86,102) (58,63) (51,66) (78,90) (43,48) (3,4) (21,25)
(27,30) (22,26) (66,82) (27,28) (48,56) (45,57) (48,60) (63,73) (41,49) (12,15) (94,106) (38,38) (30,34) (48,55) (17,20)
(19,23) (21,23) (86,105) (81,101) (14,15) (34,41) (5,6) (76,96) (94,112) (91,116) (65,69) (55,69) (36,38) (13,13) (53,62)
(96,121) (84,88) (38,47) (93,110) (83,98) (67,86) (97,115) (82,96) (72,77) (38,42) (75,84) (55,61) (78,88) (95,109) (52,61)
(9,11) (89,101) (78,84) (79,86) (15,16) (40,45) (74,84) (27,27) (32,33) (31,35) (14,18) (77,83) (55,65) (77,89) (27,28)
(64,70) (88,106) (8,9) (46,59) (73,91) (28,35) (69,77) (33,38) (83,95) (18,23) (94,103) (72,91) (96,108) (3,4) (38,41)
(66,83) (84,97) (85,93) (69,90) (81,102) (26,32) (11,13) (91,96) (90,101) (86,92) (8,10) (16,18) (51,64) (89,108) (6,7)
(93,108) (93,119) (29,29) (65,85) (95,104) (66,72) (91,112) (88,111) (66,77) (51,63) (23,26) (17,22) (52,67) (48,53) (17,20)
(76,88) (43,47) (66,81) (24,30) (47,57) (75,84) (1,1) (67,85) (14,17) (24,26) (92,115) (24,29) (52,55) (64,70) (39,42)
(3,3) (77,89) (67,84) (58,65) (42,44) (54,59) (54,55) (57,62) (28,33) (60,77) (86,103) (3,3) (58,73) (79,92) (8,8)
(37,39) (15,17) (18,20) (74,90) (20,23) (80,94) (82,98) (52,58) (17,21) (74,85) (57,62) (59,70) (11,13) (57,63) (10,11)
(21,23) (7,7) (88,109) (38,42) (44,51) (41,42) (41,47) (80,95) (53,58) (84,106) (83,91) (7,8) (67,75) (54,65) (73,80)
(5,6) (57,62) (22,25) (57,59) (66,85) (98,120) (41,42) (26,30) (59,66) (78,89) (29,37) (36,41) (59,65) (73,91) (4,5)
(23,26) (95,99) (66,72) (85,105) (8,8) (15,17) (71,77) (51,54) (11,14) (37,39) (16,19) (60,69) (59,73) (9,11) (51,57)
