# int__atai20_15_02  20 jobs  15 machines
20 15
2 5 1 8 3 4 14 7 10 13 11 9 12 6 0
14 8 12 4 11 3 6 9 0 10 1 13 2 7 5
7 12 1 8 2 10 3 11 13 14 5 6 0 9 4
1 8 5 11 7 6 3 2 4 9 12 13 0 14 10
8 4 12 1 3 14 2 9 13 6 5 10 11 7 0
2 14 10 7 3 0 1 13 9 6 11 12 4 5 8
0 4 13 1 8 10 11 6 9 2 5 12 7 3 14
12 2 11 9 8 10 13 4 5 14 6 3 1 7 0
7 3 4 5 13 0 11 10 9 1 8 6 12 14 2
7 14 12 6 5 9 10 0 3 4 2 1 8 13 11
0 9 13 7 6 3 11 8 10 4 2 1 14 12 5
14 10 3 12 5 7 4 6 1 2 0 13 9 11 8
11 10 5 1 3 13 9 7 8 14 0 2 6 12 4
7 6 13 10 3 1 5 11 4 8 0 12 9 2 14
2 4 14 5 0 7 10 12 1 9 3 8 6 13 11
5 14 12 7 3 13 0 9 10 6 1 2 8 4 11
14 8 1 10 11 12 7 0 3 2 9 13 5 6 4
5 2 10 3 12 4 6 11 0 13 8 14 7 1 9
0 9 10 4 2 6 13 1 3 14 7 8 5 12 11
2 12 9 8 4 6 10 14 7 5 1 11 3 0 13
(53,63) (65,66) (46,52) (58,63) (8,8) (20,21) (63,75) (7,7) (76,80) (5,6) (58,72) (8,9) (87,96) (11,12) (78,92)
(84,99) (74,86) (39,41) (75,87) (9,10) (23,26) (79,95) (49,60) (46,54) (47,49) (66,73) (50,61) (15,18) (5,6) (79,94)
(81,102) (94,105) (25,32) (68,77) (31,37) (31,36) (20,21) (38,39) (40,52) (32,35) (70,72) (83,89) (23,28) (54,57) (54,60)
(59,75) (81,87) (14,17) (35,39) (21,23) (20,23) (3,4) (11,14) (79,102) (89,97) (50,58) (82,101) (74,83) (3,3) (86,98)
(80,100) (33,35) (15,17) (35,37) (93,119) (95,101) (81,95) (24,27) (58,65) (85,105) (11,14) (13,16) (26,30) (87,93) (83,104)
(49,59) (20,21) (88,101) (96,100) (94,100) (40,51) (7,8) (66,73) (76,86) (44,53) (73,79) (88,95) (86,106) (1,1) (54,57)
(34,35) (70,85) (45,49) (33,41) (76,92) (65,81) (85,101) (27,33) (2,2) (98,123) (9,10) (18,18) (27,29) (33,40) (88,96)
(74,93) (57,68) (37,40) (28,30) (78,85) (96,98) (94,103) (90,104) (82,88) (66,72) (1,1) (85,101) (31,38) (64,70) (20,24)
(16,19) (11,14) (18,19) (89,112) (57,57) (91,113) (16,21) (33,40) (59,72) (49,53) (35,41) (36,42) (60,74) (72,75) (24,25)
(79,83) (81,89) (83,92) (43,50) (95,120) (62,68) (67,73) (56,67) (63,72) (86,110) (40,52) (76,81) (42,53) (75,94) (36,41)
(53,61) (64,73) (8,9) (47,57) (81,85) (15,16) (91,106) (90,105) (56,57) (16,16) (62,80) (12,13) (62,75) (62,65) (52,62)
(20,25) (70,78) (41,50) (28,35) (81,99) (5,6) (16,19) (73,92) (65,81) (46,47) (64,83) (82,91) (45,54) (28,31) (26,26)
(92,101) (41,49) (47,57) (53,65) (57,70) (8,9) (40,43) (13,15) (35,40) (9,9) (73,80) (16,16) (48,50) (67,79) (43,53)
(68,81) (89,99) (16,17) (18,22) (43,48) (46,50) (30,34) (29,29) (27,33) (83,94) (68,88) (91,95) (19,20) (11,12) (84,107)
(40,44) (23,25) (80,89) (48,55) (24,30) (73,75) (34,41) (80,99) (69,72) (51,64) (5,5) (41,50) (8,9) (33,37) (93,109)
(61,76) (4,4) (82,103) (51,63) (60,71) (52,60) (16,16) (17,22) (5,5) (42,44) (23,27) (87,91) (64,70) (76,87) (41,43)
(17,20) (37,42) (54,62) (67,79) (55,60) (23,28) (93,101) (12,13) (94,118) (26,30) (53,56) (34,43) (41,46) (64,80) (23,29)
(78,94) (6,7) (87,102) (66,77) (16,18) (55,59) (78,93) (96,119) (12,14) (19,19) (87,91) (3,3) (35,38) (65,74) (73,79)
(38,39) (73,80) (46,56) (21,24) (79,88) (96,114) (34,43) (43,50) (72,91) (88,97) (97,122) (53,58) (87,105) (76,98) (46,48)
(33,41) (55,59) (25,27) (62,72) (82,83) (37,41) (89,104) (32,34) (49,59) (61,72) (38,43) (61,65) (88,100) (13,15) (42,47)
