# int__atai20_15_10  20 jobs  15 machines
20 15
7 0 12 4 1 9 2 11 10 14 5 6 13 3 8
4 8 7 3 9 13 12 0 11 10 1 6 5 14 2
1 4 7 13 3 8 10 5 12 14 9 6 2 0 11
5 11 9 12 7 1 6 13 8 2 0 14 3 4 10
4 11 12 1 0 9 6 13 2 14 5 10 3 8 7
2 6 3 8 14 0 4 10 11 1 7 13 12 5 9
4 14 5 10 8 7 6 1 0 12 9 13 11 3 2
7 10 11 14 3 2 4 5 1 12 9 6 13 0 8
14 11 0 13 3 2 1 8 5 7 4 12 6 10 9
0 5 12 1 13 10 9 4 2 8 14 11 7 6 3
4 3 8 12 9 11 2 14 5 7 13 6 10 1 0
9 6 1 0 14 7 13 12 2 11 5 8 10 3 4
4 3 0 14 13 9 7 2 11 8 10 1 6 12 5
12 10 3 6 4 5 0 7 2 8 13 11 14 9 1
14 7 5 8 11 0 2 13 12 4 6 1 10 9 3
6 14 12 2 7 5 8 13 11 9 0 3 4 1 10
9 5 14 10 12 1 4 13 0 11 3 2 7 6 8
9 12 4 14 11 8 0 7 5 3 1 10 6 13 2
12 2 3 14 5 1 6 11 13 9 7 10 8 0 4
3 12 10 5 14 0 9 8 13 6 11 1 7 2 4
(81,87) (57,59) (70,81) (26,30) (96,113) (35,40) (12,15) (29,31) (87,97) (90,111) (45,45) (27,32) (70,80) (73,85) (44,52)
(28,36) (21,24) (46,52) (74,85) (91,111) (14,16) (4,4) (78,97) (14,15) (34,37) (76,87) (33,34) (56,64) (22,25) (55,61)
(72,87) (36,44) (48,57) (25,30) (47,52) (59,62) (15,16) (66,73) (86,96) (38,44) (8,9) (72,81) (62,66) (90,108) (90,102)
(1,1) (35,43) (22,23) (93,99) (74,89) (49,51) (39,43) (58,75) (40,47) (7,7) (55,66) (69,83) (38,45) (75,77) (7,8)
(12,16) (15,17) (16,21) (14,17) (65,82) (92,104) (17,22) (50,64) (51,53) (16,17) (32,37) (59,61) (46,52) (64,69) (38,47)
(53,58) (78,92) (83,101) (35,37) (54,58) (69,90) (16,20) (44,49) (35,41) (87,95) (76,91) (81,105) (16,17) (79,90) (88,94)
(4,4) (59,72) (32,36) (60,73) (84,94) (29,36) (39,41) (67,69) (42,52) (30,34) (79,85) (38,42) (67,75) (64,82) (30,35)
(28,34) (29,36) (68,86) (26,31) (54,69) (46,49) (53,54) (62,75) (93,106) (24,29) (68,81) (21,24) (17,20) (38,42) (12,14)
(12,15) (72,76) (35,38) (67,84) (12,14) (78,81) (94,116) (68,74) (49,62) (14,17) (70,88) (27,28) (34,39) (58,70) (33,38)
(59,68) (48,51) (71,80) (87,112) (58,72) (84,100) (3,4) (59,64) (58,74) (93,95) (87,103) (34,36) (25,32) (4,5) (26,28)
(85,101) (87,100) (92,115) (31,34) (18,21) (71,74) (9,10) (19,23) (92,116) (56,59) (35,38) (62,68) (13,15) (16,18) (1,1)
(70,80) (47,53) (94,108) (7,8) (62,77) (47,54) (24,27) (45,54) (70,86) (70,78) (19,21) (96,116) (39,44) (15,17) (78,82)
(44,52) (9,11) (94,120) (59,66) (73,85) (78,96) (68,78) (19,20) (85,107) (15,18) (22,28) (46,55) (31,33) (6,7) (69,71)
(74,86) (44,48) (95,106) (1,1) (52,65) (57,65) (82,91) (94,103) (75,93) (12,13) (87,103) (96,110) (96,100) (11,13) (26,33)
(70,88) (69,74) (13,16) (31,32) (18,22) (55,66) (17,17) (91,102) (55,68) (73,76) (31,35) (7,8) (78,89) (10,12) (88,112)
(39,47) (85,107) (11,13) (79,85) (7,8) (77,87) (23,29) (9,10) (56,65) (41,44) (67,68) (26,29) (19,24) (19,23) (67,77)
(74,95) (87,89) (64,77) (14,15) (11,11) (14,14) (98,120) (81,99) (77,91) (3,3) (44,55) (47,57) (39,46) (81,93) (27,27)
(55,56) (69,74) (5,6) (83,86) (16,19) (4,5) (19,22) (14,17) (60,75) (8,9) (89,96) (32,38) (60,74) (68,76) (28,33)
(89,105) (24,29) (8,9) (84,94) (22,27) (78,84) (22,24) (96,110) (24,29) (93,104) (94,116) (17,20) (46,54) (65,75) (46,51)
(5,6) (76,93) (74,92) (59,62) (12,14) (55,67) (61,68) (36,41) (53,57) (68,84) (76,84) (35,36) (86,90) (47,50) (94,99)
