# int__atai15_15_02  15 jobs  15 machines
15 15
9 14 4 13 10 3 7 8 0 5 1 2 12 6 11
10 8 11 14 3 13 9 7 4 2 6 1 5 12 0
7 0 6 5 14 13 2 11 4 12 1 9 3 10 8
9 11 14 0 1 8 5 10 12 4 13 3 6 7 2
11 4 13 3 8 1 10 12 2 14 6 7 0 9 5
5 2 1 10 0 4 8 14 6 3 9 7 11 12 13
5 10 13 0 9 8 1 11 14 7 12 2 6 4 3
12 0 9 3 13 6 5 7 2 14 11 8 10 1 4
11 10 5 13 1 9 8 7 3 6 0 2 14 12 4
2 14 3 10 6 1 0 13 11 4 5 8 7 12 9
11 14 13 5 4 9 1 6 12 0 2 8 10 3 7
12 3 10 8 4 7 13 11 14 1 2 0 5 6 9
8 13 5 0 11 9 4 12 1 10 6 2 7 14 3
2 5 4 3 9 1 11 13 7 6 10 14 0 8 12
1 10 4 2 0 7 6 9 11 12 5 14 3 13 8
(83,87) (59,66) (10,12) (56,66) (63,71) (91,99) (69,72) (25,28) (97,108) (48,51) (42,50) (8,9) (86,95) (20,22) (69,84)
(68,71) (27,35) (37,40) (34,38) (88,104) (35,41) (36,39) (27,33) (61,75) (83,87) (64,70) (11,12) (20,20) (82,91) (23,27)
(33,37) (67,82) (93,119) (87,106) (81,97) (80,96) (58,65) (88,109) (19,24) (61,68) (21,23) (78,86) (38,40) (39,42) (79,88)
(13,16) (14,15) (70,85) (86,101) (24,25) (16,18) (75,89) (68,72) (52,58) (67,80) (73,82) (88,110) (57,62) (7,9) (4,4)
(91,111) (51,62) (63,75) (13,15) (19,21) (40,49) (71,78) (59,73) (19,20) (59,68) (83,99) (97,118) (72,82) (92,99) (18,23)
(62,69) (60,68) (90,115) (16,18) (10,11) (69,85) (88,108) (68,81) (57,67) (40,45) (45,51) (61,70) (74,86) (81,97) (61,65)
(49,52) (66,68) (86,105) (34,39) (43,47) (5,6) (8,8) (25,31) (70,77) (52,63) (78,82) (89,96) (60,63) (82,89) (68,70)
(58,65) (64,78) (90,93) (42,52) (60,65) (87,95) (21,23) (1,1) (92,102) (18,21) (57,70) (12,13) (40,51) (11,13) (92,104)
(89,105) (45,52) (51,64) (36,38) (89,99) (86,101) (61,67) (40,47) (68,74) (13,15) (16,19) (81,96) (48,59) (23,28) (23,28)
(5,6) (34,43) (21,25) (14,17) (63,80) (3,3) (6,6) (95,110) (62,79) (63,69) (75,77) (93,103) (17,21) (60,72) (36,41)
(35,40) (42,43) (61,71) (66,82) (73,79) (27,33) (51,55) (38,45) (40,50) (24,29) (9,10) (32,37) (50,52) (40,44) (98,102)
(22,26) (31,33) (35,35) (10,11) (28,31) (67,69) (19,23) (8,9) (57,59) (61,67) (38,47) (32,34) (8,10) (32,35) (87,93)
(27,32) (30,37) (3,3) (28,32) (65,70) (57,64) (24,25) (45,49) (79,96) (8,10) (43,47) (41,47) (2,2) (22,25) (51,58)
(10,13) (91,98) (26,30) (58,66) (60,74) (22,23) (23,28) (7,8) (74,82) (61,77) (57,63) (95,120) (35,39) (52,62) (69,83)
(35,39) (95,121) (37,45) (23,29) (81,95) (46,57) (69,72) (1,1) (89,91) (81,103) (68,83) (41,51) (19,21) (29,35) (30,35)
