# int__atai20_15_01  20 jobs  15 machines
20 15
3 11 14 1 10 2 4 7 0 12 5 9 6 13 8
5 0 3 8 4 1 12 14 6 7 10 2 9 13 11
2 3 14 0 9 12 5 4 7 10 8 11 13 1 6
8 10 1 13 3 4 14 9 2 5 11 7 0 6 12
14 8 1 2 10 9 12 4 6 5 0 13 3 11 7
3 10 1 5 6 0 8 7 11 13 2 14 12 9 4
2 10 1 12 8 0 7 6 14 13 4 3 5 9 11
1 0 2 4 7 13 11 3 12 5 6 14 9 8 10
4 5 9 10 7 6 2 1 12 3 13 0 8 14 11
1 4 3 10 14 0 6 13 11 8 5 12 7 9 2
3 10 1 0 9 8 14 6 4 7 2 12 5 11 13
2 7 6 8 3 5 14 4 1 0 9 10 13 11 12
0 7 14 8 12 10 9 3 6 1 4 2 11 13 5
12 3 9 4 1 0 10 6 5 2 14 13 7 8 11
3 14 6 5 13 9 1 0 12 7 2 4 10 8 11
5 14 6 12 8 2 4 9 11 13 3 1 7 0 10
3 7 10 14 0 8 1 11 5 13 4 12 6 9 2
10 8 2 11 13 6 14 3 9 7 4 5 12 0 1
3 2 12 13 1 6 14 5 4 8 9 11 0 10 7
11 14 5 6 10 9 13 1 4 8 0 3 12 2 7
(24,30) (72,86) (72,89) (75,92) (38,38) (59,74) (37,38) (57,71) (13,17) (13,16) (45,48) (30,37) (55,66) (89,106) (3,4)
(64,73) (5,5) (11,13) (11,13) (39,49) (33,35) (76,85) (41,51) (34,35) (93,107) (22,23) (53,63) (21,26) (28,31) (16,17)
(22,26) (95,99) (8,8) (34,36) (58,70) (31,35) (13,16) (45,52) (51,58) (21,23) (18,18) (19,21) (62,67) (29,35) (67,79)
(94,122) (41,52) (2,2) (34,41) (11,12) (91,99) (87,103) (96,109) (21,22) (56,68) (17,19) (43,48) (26,32) (18,19) (22,26)
(48,61) (5,5) (58,69) (70,77) (45,50) (39,41) (80,94) (35,38) (11,14) (2,2) (39,42) (41,44) (50,59) (64,81) (34,37)
(47,52) (56,71) (5,6) (2,2) (58,67) (61,76) (86,95) (3,3) (51,54) (25,28) (33,37) (39,43) (45,54) (61,76) (52,57)
(38,41) (42,48) (48,54) (70,88) (45,52) (97,115) (66,77) (33,35) (6,7) (91,107) (64,77) (52,55) (29,34) (29,32) (59,72)
(56,69) (3,3) (82,91) (6,6) (46,47) (47,58) (5,6) (78,96) (17,22) (71,80) (47,59) (78,80) (61,72) (64,69) (75,93)
(62,66) (52,56) (80,88) (15,17) (31,37) (50,60) (95,97) (66,74) (79,95) (89,98) (68,84) (83,91) (21,26) (71,76) (62,65)
(67,81) (71,88) (51,65) (94,101) (13,16) (78,91) (24,26) (14,17) (31,37) (38,47) (65,70) (58,68) (18,18) (76,79) (50,58)
(18,20) (6,7) (92,107) (51,65) (35,39) (98,114) (38,41) (18,20) (14,17) (89,99) (61,68) (81,92) (87,93) (47,57) (79,95)
(42,54) (75,82) (11,14) (13,16) (71,84) (58,61) (68,73) (74,87) (29,33) (89,104) (26,28) (29,37) (83,100) (89,97) (89,94)
(37,40) (53,66) (12,16) (28,31) (52,66) (68,80) (25,29) (7,7) (53,64) (48,57) (22,24) (45,55) (48,50) (92,112) (16,19)
(56,62) (14,16) (8,8) (13,14) (94,119) (52,56) (76,88) (24,25) (90,94) (87,92) (68,79) (86,108) (42,50) (72,85) (94,108)
(92,100) (90,95) (17,19) (28,35) (27,28) (38,48) (53,56) (81,91) (49,57) (15,18) (94,103) (47,54) (52,60) (77,79) (37,40)
(46,55) (33,40) (41,48) (27,35) (11,13) (11,11) (29,31) (14,17) (10,12) (4,4) (20,23) (89,105) (19,22) (59,70) (27,29)
(68,85) (80,83) (64,64) (40,45) (26,28) (81,101) (26,29) (43,53) (53,70) (17,20) (18,20) (19,24) (95,114) (43,44) (67,80)
(84,87) (25,29) (86,109) (58,74) (91,118) (22,28) (85,95) (87,94) (48,58) (83,95) (12,14) (50,60) (3,3) (44,49) (19,22)
(41,46) (54,67) (18,22) (70,79) (68,73) (28,33) (19,23) (22,27) (58,67) (36,38) (84,88) (13,15) (70,85) (29,32) (44,46)
(7,8) (97,101) (4,5) (21,23) (72,80) (44,52) (62,66) (95,97) (63,66) (14,16) (38,48) (22,23) (75,98) (34,35) (8,8)
