# int__atai50_15_05  50 jobs  15 machines
50 15
5 0 2 14 12 4 7 13 1 10 11 6 9 3 8
7 2 1 8 12 9 3 11 13 14 0 6 4 10 5
4 6 5 13 0 7 14 11 9 10 12 3 8 1 2
9 13 3 11 14 12 6 1 0 4 10 5 2 7 8
11 8 1 9 2 5 6 12 7 13 3 10 0 14 4
9 3 4 7 11 2 13 5 8 12 6 10 14 0 1
1 2 3 5 13 10 6 0 8 4 12 11 7 9 14
1 14 10 12 4 8 7 13 6 2 9 3 5 11 0
6 13 2 4 12 14 3 5 10 9 11 0 1 7 8
11 13 0 10 6 9 1 2 14 3 5 8 7 4 12
9 10 5 12 7 0 14 6 1 2 11 4 8 13 3
12 5 1 13 2 8 6 4 7 10 0 3 14 11 9
4 1 8 10 5 12 6 13 7 3 9 0 14 2 11
13 12 2 5 11 7 9 14 6 0 8 10 1 3 4
11 7 14 2 12 6 4 0 9 10 1 13 5 3 8
14 5 9 11 3 0 12 1 4 6 10 8 7 13 2
0 9 2 5 13 4 1 14 6 3 10 12 8 7 11
11 6 0 5 10 12 2 14 13 1 7 8 9 3 4
7 10 4 0 12 14 11 9 5 3 2 13 1 8 6
4 9 12 10 14 3 7 11 2 0 8 1 6 13 5
3 10 14 5 6 7 1 2 4 13 12 9 8 11 0
10 12 13 2 1 0 5 6 11 8 9 3 7 14 4
5 2 0 13 1 6 4 9 8 11 10 3 14 7 12
11 4 6 10 12 8 2 7 9 14 1 0 13 3 5
11 14 9 13 2 0 4 1 8 10 12 6 5 7 3
14 0 8 1 11 12 13 2 9 4 7 6 3 10 5
3 1 12 11 4 7 6 10 9 2 13 5 14 8 0
12 14 10 0 5 13 1 11 4 3 6 8 2 9 7
4 10 13 6 0 11 7 9 14 12 8 1 3 2 5
3 5 2 9 13 11 12 6 10 4 8 0 14 1 7
1 6 7 5 11 3 12 9 2 10 13 4 14 0 8
5 4 10 9 0 6 3 1 7 13 12 11 14 8 2
11 13 6 5 1 8 14 0 3 12 4 9 7 10 2
11 9 2 1 12 0 8 13 10 5 14 6 4 7 3
12 8 6 4 14 13 0 9 1 3 7 5 10 11 2
0 4 12 6 14 10 5 7 3 13 1 2 9 8 11
6 11 13 5 2 12 0 4 1 10 8 3 7 9 14
5 6 11 0 2 12 4 8 7 9 13 10 14 3 1
2 6 13 7 5 0 9 4 14 10 1 12 8 11 3
7 2 8 9 0 6 4 1 11 14 10 3 5 13 12
7 11 14 12 4 13 5 8 2 10 3 9 1 6 0
9 7 12 4 10 1 8 13 14 3 0 2 11 6 5
8 14 9 10 7 6 4 12 1 2 11 0 3 5 13
14 7 9 5 10 6 4 12 2 13 8 0 1 11 3
14 8 13 4 9 7 10 0 12 1 5 2 3 6 11
8 11 1 4 9 14 0 3 5 12 10 7 6 2 13
10 11 13 3 9 4 2 12 6 14 5 8 1 7 0
14 12 6 10 4 1 13 11 2 5 7 8 3 0 9
0 14 9 1 4 11 3 13 6 2 10 8 12 7 5
11 3 0 13 8 14 2 7 10 12 5 6 9 4 1
(24,29) (10,12) (39,49) (48,53) (44,48) (90,111) (6,7) (39,46) (18,20) (85,88) (83,92) (64,84) (34,38) (1,1) (25,29)
(50,60) (81,96) (50,62) (88,101) (88,99) (8,9) (74,89) (53,58) (38,48) (7,8) (19,23) (81,102) (63,74) (7,8) (22,26)
(96,100) (50,59) (83,101) (52,63) (83,99) (29,37) (84,106) (8,8) (50,64) (38,43) (21,24) (54,60) (63,67) (31,35) (63,78)
(67,72) (19,21) (12,13) (10,10) (63,71) (49,60) (4,5) (27,29) (68,71) (67,83) (37,42) (74,85) (40,43) (50,57) (32,39)
(22,29) (49,61) (24,30) (37,38) (92,107) (70,84) (46,56) (48,55) (39,43) (78,102) (29,31) (87,98) (78,95) (39,44) (19,23)
(76,86) (19,23) (44,48) (79,96) (79,93) (32,34) (12,12) (12,12) (14,18) (31,36) (62,68) (26,32) (90,103) (48,51) (67,73)
(28,29) (83,89) (92,101) (28,31) (92,102) (66,76) (75,93) (8,10) (53,59) (78,81) (27,32) (17,19) (43,56) (19,25) (43,47)
(2,2) (57,67) (12,12) (34,40) (45,46) (40,47) (23,29) (86,99) (1,1) (21,23) (75,94) (78,93) (90,101) (31,36) (40,43)
(58,65) (29,34) (78,97) (68,87) (80,90) (24,26) (9,9) (28,33) (26,34) (29,34) (65,68) (61,74) (22,28) (50,61) (50,54)
(86,101) (92,116) (88,112) (14,16) (14,17) (37,42) (82,91) (16,17) (43,44) (61,72) (61,68) (84,108) (76,85) (30,38) (19,22)
(62,70) (78,87) (90,100) (96,117) (1,1) (29,37) (21,26) (73,91) (64,69) (13,16) (36,41) (2,2) (76,85) (13,15) (66,75)
(27,34) (53,54) (61,73) (24,28) (50,60) (80,95) (98,109) (21,25) (66,77) (39,49) (14,15) (9,10) (88,113) (55,58) (5,5)
(50,60) (89,94) (75,92) (60,61) (21,24) (76,78) (54,65) (92,120) (74,88) (26,33) (11,14) (60,78) (82,96) (45,50) (13,15)
(50,61) (35,41) (64,71) (76,85) (15,17) (80,86) (57,71) (68,75) (60,64) (97,103) (46,56) (43,51) (19,21) (98,101) (86,89)
(47,60) (21,22) (36,38) (23,28) (91,112) (30,37) (93,105) (36,37) (27,33) (29,33) (39,41) (65,77) (12,15) (76,86) (78,93)
(26,31) (62,67) (34,41) (51,63) (70,88) (61,76) (19,24) (15,17) (61,67) (77,83) (56,66) (33,36) (73,83) (12,14) (77,91)
(69,72) (95,117) (49,58) (44,50) (72,83) (78,100) (3,3) (51,59) (4,4) (83,102) (53,61) (73,83) (53,68) (36,39) (53,62)
(22,22) (29,32) (16,20) (51,57) (50,56) (83,91) (18,20) (1,1) (35,40) (91,105) (87,95) (5,6) (86,92) (11,11) (64,72)
(27,33) (4,5) (10,13) (86,105) (61,69) (56,64) (35,37) (55,58) (33,35) (5,6) (76,92) (82,98) (90,108) (44,54) (63,65)
(64,76) (19,25) (93,116) (52,65) (36,45) (86,88) (66,72) (83,97) (75,80) (37,43) (55,63) (78,83) (53,61) (27,33) (53,63)
(6,6) (19,24) (65,76) (5,5) (65,81) (26,31) (89,106) (44,56) (47,51) (22,23) (83,97) (60,73) (86,109) (65,80) (61,62)
(52,55) (24,30) (32,39) (14,17) (29,31) (60,64) (17,18) (80,96) (18,21) (35,45) (74,82) (40,43) (46,49) (44,52) (51,58)
(65,77) (23,28) (18,21) (62,80) (86,92) (10,12) (93,110) (58,68) (38,43) (61,77) (91,91) (35,39) (63,70) (31,36) (23,25)
(85,99) (87,92) (42,44) (60,71) (22,26) (80,104) (93,113) (14,15) (80,89) (44,47) (19,21) (12,15) (38,46) (67,75) (17,20)
(4,5) (20,24) (56,73) (48,52) (73,76) (40,47) (77,81) (34,43) (53,66) (71,82) (91,105) (45,47) (17,22) (80,98) (43,49)
(76,96) (94,104) (60,62) (59,72) (89,105) (93,115) (84,92) (14,15) (72,88) (28,33) (1,1) (78,85) (88,93) (49,54) (30,31)
(15,18) (26,28) (34,40) (46,58) (75,89) (26,27) (69,77) (86,111) (33,39) (51,64) (17,18) (91,97) (5,6) (19,23) (49,57)
(3,4) (90,95) (54,63) (80,84) (56,62) (63,73) (79,87) (5,6) (5,6) (88,105) (29,31) (34,40) (16,18) (4,5) (76,93)
(29,35) (55,60) (84,101) (50,56) (28,29) (74,87) (65,70) (53,62) (43,52) (6,6) (47,53) (44,57) (9,11) (31,34) (39,49)
(22,23) (67,82) (32,34) (26,32) (77,87) (64,67) (5,5) (16,19) (6,7) (42,44) (43,45) (47,51) (12,13) (17,20) (82,97)
(50,57) (55,69) (79,95) (53,55) (8,9) (69,77) (81,101) (18,19) (31,33) (4,5) (87,100) (84,96) (1,1) (5,6) (59,72)
(22,24) (15,18) (4,4) (38,45) (68,73) (95,115) (44,50) (75,92) (23,27) (14,15) (91,100) (87,100) (86,103) (77,89) (68,76)
(90,102) (29,32) (49,59) (84,101) (66,72) (52,54) (11,13) (29,30) (35,39) (67,82) (33,36) (13,15) (10,11) (60,75) (46,49)
(7,7) (72,92) (14,14) (62,69) (19,21) (16,21) (4,4) (5,5) (26,28) (91,108) (90,95) (9,9) (67,78) (34,39) (5,5)
(40,45) (87,95) (70,78) (90,109) (57,69) (66,72) (95,116) (91,96) (73,95) (42,50) (52,56) (8,10) (40,42) (21,22) (55,56)
(70,85) (42,53) (11,12) (64,72) (11,11) (15,17) (45,48) (78,80) (3,3) (26,33) (33,37) (84,102) (93,109) (59,64) (36,39)
(65,70) (92,104) (29,34) (83,93) (2,2) (80,82) (57,59) (7,8) (68,74) (38,41) (62,70) (89,104) (92,100) (37,42) (45,55)
(92,105) (33,42) (70,85) (88,109) (10,10) (97,111) (46,51) (56,63) (30,36) (92,106) (33,41) (82,93) (28,34) (31,32) (69,76)
(93,100) (14,16) (31,34) (93,95) (21,25) (40,44) (98,114) (57,68) (61,78) (92,112) (44,47) (32,34) (79,91) (11,12) (72,81)
(46,47) (68,87) (36,44) (59,65) (69,86) (64,76) (60,71) (51,61) (19,24) (12,15) (11,13) (25,30) (28,32) (87,106) (27,31)
(30,31) (74,91) (4,4) (34,39) (17,22) (50,60) (15,16) (52,64) (81,86) (41,51) (43,53) (20,23) (70,83) (24,29) (12,14)
(70,82) (30,32) (56,72) (69,81) (87,99) (74,88) (32,34) (25,29) (3,3) (74,84) (85,107) (14,17) (32,40) (51,64) (37,47)
(41,49) (39,46) (8,9) (25,29) (26,32) (9,11) (1,1) (81,101) (84,86) (11,12) (80,85) (70,87) (83,91) (39,42) (42,54)
(73,77) (56,68) (4,5) (24,30) (68,74) (3,4) (69,79) (67,78) (49,54) (59,71) (21,24) (74,92) (1,1) (4,5) (92,97)
(58,63) (44,48) (37,40) (62,79) (34,38) (40,45) (16,16) (84,106) (9,11) (87,93) (84,101) (51,58) (63,77) (21,26) (73,81)
(64,76) (23,25) (27,33) (12,15) (22,27) (64,78) (9,10) (26,31) (24,27) (72,88) (83,92) (18,22) (40,42) (20,22) (24,27)
(28,29) (92,107) (37,40) (58,68) (93,109) (40,49) (42,51) (40,46) (20,24) (80,99) (28,36) (12,12) (79,101) (8,8) (27,28)
(81,98) (16,17) (26,30) (77,95) (92,104) (44,48) (16,20) (52,57) (11,14) (49,56) (6,7) (87,103) (42,46) (5,5) (60,65)
(13,13) (85,94) (49,55) (72,83) (47,54) (42,53) (84,100) (84,102) (1,1) (12,13) (3,3) (39,46) (73,85) (73,79) (45,55)
(3,4) (14,16) (39,50) (76,92) (42,45) (88,94) (50,58) (16,19) (71,86) (32,39) (80,101) (59,67) (67,83) (14,14) (97,116)
