# int__atai50_15_04  50 jobs  15 machines
50 15
11 14 9 1 5 13 6 8 10 7 4 12 0 2 3
12 11 10 4 6 14 2 0 5 3 1 13 9 8 7
4 0 13 14 7 9 12 11 10 2 6 1 5 3 8
4 12 14 3 8 9 0 6 1 7 11 13 2 10 5
10 4 5 14 9 12 6 13 0 3 8 2 11 1 7
8 0 12 1 7 4 5 3 2 14 10 9 13 6 11
9 4 13 2 14 10 12 6 1 11 5 8 7 0 3
9 4 12 11 6 7 0 2 10 3 14 13 1 8 5
8 12 3 5 7 14 1 11 10 4 0 9 6 13 2
8 11 9 13 3 12 5 7 10 2 1 14 6 4 0
4 9 2 10 12 6 8 0 13 5 11 14 7 1 3
10 6 5 4 12 3 9 13 14 8 2 7 11 1 0
5 9 0 12 8 10 13 11 3 7 14 6 1 4 2
4 5 12 2 6 14 0 7 1 11 13 10 8 9 3
14 10 8 5 4 9 7 13 3 1 2 6 11 12 0
8 12 11 7 10 2 3 6 4 1 9 5 13 14 0
1 4 5 6 9 13 3 7 2 14 11 0 10 12 8
12 8 3 10 9 1 7 6 2 4 0 13 5 14 11
5 12 1 2 3 0 7 13 6 11 4 8 10 9 14
12 1 8 11 2 7 6 10 4 13 14 9 5 3 0
3 9 8 0 11 1 14 10 4 13 5 2 12 7 6
11 1 9 4 3 8 12 0 6 7 14 10 13 2 5
1 7 6 5 9 14 2 4 3 0 13 12 11 8 10
2 14 9 13 7 8 6 5 4 0 12 11 3 1 10
9 4 12 1 6 10 8 7 2 11 13 14 3 0 5
4 1 9 0 8 2 14 3 5 6 7 13 11 12 10
7 8 6 4 13 1 5 14 2 10 12 0 3 9 11
5 12 10 9 1 4 13 11 14 2 7 0 3 8 6
1 13 0 5 4 6 8 11 14 12 9 10 7 3 2
3 6 10 5 7 8 9 0 14 1 12 2 11 13 4
4 8 6 9 3 2 0 5 13 7 1 12 10 14 11
4 0 12 6 1 3 14 11 7 2 5 8 10 13 9
7 10 1 14 6 11 8 4 12 5 0 13 2 9 3
12 13 1 10 7 2 9 14 4 11 5 3 6 0 8
0 2 10 1 12 4 5 11 9 3 8 7 6 13 14
0 10 13 12 6 1 8 2 3 14 9 4 7 5 11
12 2 10 4 9 6 0 1 7 13 11 8 3 14 5
3 1 12 5 6 2 8 14 0 11 7 10 13 9 4
11 6 14 5 4 3 1 0 7 12 2 13 8 10 9
3 2 10 9 1 5 13 8 7 4 6 0 11 12 14
6 2 9 7 13 8 1 11 12 5 10 3 14 4 0
2 4 7 14 11 8 9 13 0 1 5 12 10 3 6
10 12 7 11 0 14 2 1 4 6 13 5 8 3 9
0 9 11 1 14 4 3 7 2 5 12 10 8 13 6
10 0 12 9 5 4 7 2 8 13 1 6 11 14 3
2 8 6 5 7 11 3 14 10 1 0 4 9 13 12
2 5 3 13 0 10 12 14 6 7 1 8 9 4 11
2 5 14 1 7 13 12 10 3 6 9 8 11 4 0
12 1 8 3 10 4 5 11 6 14 7 9 2 13 0
5 2 14 10 11 3 6 1 9 8 12 7 0 13 4
(23,24) (56,69) (57,65) (42,51) (17,19) (65,79) (42,47) (51,62) (17,20) (40,47) (92,106) (18,20) (50,57) (62,65) (96,97)
(28,35) (60,69) (53,61) (33,40) (68,87) (77,93) (63,71) (78,85) (4,5) (38,48) (85,98) (75,93) (95,108) (30,34) (21,26)
(34,37) (60,75) (74,84) (53,67) (40,51) (3,3) (94,117) (30,38) (82,92) (26,30) (85,97) (4,4) (49,53) (41,45) (77,95)
(84,102) (3,3) (26,29) (69,71) (8,9) (27,29) (40,41) (72,85) (2,2) (69,81) (48,53) (93,113) (14,17) (64,70) (62,71)
(45,49) (38,48) (43,48) (46,49) (27,28) (15,19) (58,62) (55,58) (33,38) (56,58) (29,31) (43,51) (43,55) (26,31) (58,64)
(67,74) (30,36) (8,8) (21,22) (18,22) (44,47) (63,65) (27,29) (35,43) (93,106) (73,84) (19,20) (38,42) (89,99) (23,25)
(33,35) (45,53) (57,66) (70,74) (18,20) (75,91) (59,67) (32,33) (28,34) (25,31) (30,34) (27,33) (69,83) (45,47) (40,44)
(65,79) (26,33) (61,72) (73,91) (2,2) (72,83) (39,46) (36,45) (98,119) (6,7) (49,52) (69,69) (50,52) (57,71) (51,64)
(93,111) (69,75) (47,49) (22,25) (94,120) (84,88) (73,87) (24,30) (4,5) (40,45) (59,72) (11,12) (13,16) (63,69) (30,33)
(67,77) (53,55) (13,17) (59,76) (12,13) (75,78) (24,26) (39,46) (92,119) (23,24) (25,27) (67,70) (91,113) (74,87) (13,13)
(56,63) (42,49) (10,10) (65,82) (95,120) (50,59) (86,88) (4,4) (27,34) (27,32) (4,4) (54,68) (55,66) (82,93) (57,62)
(46,51) (73,75) (11,15) (91,106) (72,84) (16,17) (86,107) (86,101) (12,13) (80,88) (8,9) (28,29) (90,106) (20,24) (38,47)
(36,43) (86,91) (93,102) (22,23) (88,102) (36,39) (89,99) (15,18) (27,32) (44,55) (73,84) (33,35) (15,16) (58,67) (50,56)
(68,76) (50,54) (5,5) (46,58) (57,59) (50,58) (31,35) (57,70) (85,94) (70,89) (58,65) (11,13) (78,91) (30,38) (6,6)
(94,113) (36,38) (50,52) (84,91) (85,99) (63,78) (8,9) (16,18) (87,110) (14,17) (55,57) (25,30) (40,52) (17,22) (5,5)
(63,77) (60,66) (71,85) (25,28) (31,36) (44,48) (39,41) (89,95) (33,39) (53,58) (56,71) (28,30) (77,91) (59,68) (78,88)
(97,104) (33,35) (47,57) (69,78) (83,95) (76,94) (62,63) (96,113) (62,74) (89,89) (52,62) (93,109) (85,96) (92,113) (92,110)
(72,84) (40,45) (55,67) (31,35) (9,10) (13,13) (59,76) (62,69) (52,56) (2,2) (29,35) (67,81) (90,105) (30,37) (51,61)
(34,41) (39,43) (31,33) (41,51) (61,65) (91,114) (2,2) (9,9) (47,50) (72,91) (43,49) (12,14) (76,96) (8,9) (88,103)
(52,65) (90,97) (76,84) (91,110) (18,22) (29,34) (86,106) (61,67) (4,5) (62,78) (78,95) (40,42) (89,96) (36,44) (52,56)
(75,77) (73,87) (37,41) (99,114) (43,46) (57,72) (85,92) (33,40) (7,7) (41,46) (56,62) (42,48) (6,6) (15,17) (22,25)
(83,86) (44,52) (3,3) (14,15) (50,55) (25,30) (88,113) (59,64) (5,6) (74,86) (91,112) (56,65) (47,60) (12,13) (41,52)
(25,29) (14,17) (33,41) (33,39) (17,21) (86,94) (49,59) (72,85) (86,110) (65,83) (69,80) (97,103) (47,61) (72,89) (59,68)
(9,10) (38,40) (60,73) (78,89) (10,10) (97,104) (53,66) (52,64) (28,30) (21,25) (87,106) (8,9) (51,56) (50,60) (10,11)
(85,109) (87,102) (66,75) (10,12) (73,89) (67,79) (89,98) (54,62) (31,34) (2,2) (58,72) (17,19) (1,1) (67,81) (97,115)
(79,83) (24,30) (35,40) (23,26) (46,56) (53,58) (64,81) (34,35) (36,37) (79,82) (19,24) (75,86) (26,32) (72,73) (29,38)
(22,23) (30,35) (44,49) (12,15) (85,90) (17,18) (60,76) (14,15) (89,96) (7,7) (81,87) (56,61) (86,91) (29,35) (95,99)
(35,38) (68,77) (10,11) (15,19) (66,71) (76,83) (45,55) (31,36) (69,81) (91,114) (94,115) (31,37) (44,50) (79,85) (77,96)
(13,16) (20,25) (14,14) (71,82) (86,89) (14,15) (28,30) (77,92) (15,18) (81,86) (92,110) (54,61) (62,71) (77,88) (23,27)
(90,106) (11,12) (45,52) (2,2) (5,5) (53,57) (73,86) (4,4) (5,6) (44,53) (38,48) (96,105) (61,75) (35,44) (24,31)
(17,20) (86,105) (35,39) (10,11) (91,100) (63,76) (4,5) (39,48) (3,4) (12,15) (71,80) (95,102) (5,6) (67,78) (37,44)
(50,54) (44,50) (69,76) (23,27) (91,96) (87,88) (7,8) (90,108) (12,12) (62,68) (67,80) (84,91) (74,82) (17,21) (37,40)
(36,45) (63,71) (75,85) (39,45) (14,16) (50,53) (20,23) (22,24) (31,40) (17,19) (28,34) (62,68) (88,112) (61,72) (29,36)
(66,80) (15,17) (38,39) (22,28) (50,55) (61,74) (52,62) (28,30) (89,92) (15,17) (93,111) (14,15) (19,23) (23,26) (6,6)
(10,12) (47,50) (61,65) (82,86) (47,48) (55,58) (8,8) (56,62) (26,31) (82,102) (11,12) (10,10) (67,83) (86,92) (17,22)
(47,51) (10,11) (49,62) (25,29) (35,37) (75,85) (74,78) (1,1) (33,38) (66,84) (19,19) (4,5) (25,31) (46,53) (11,11)
(10,12) (15,16) (81,102) (50,53) (47,53) (53,61) (59,66) (56,69) (81,96) (25,29) (17,20) (36,43) (84,86) (8,9) (68,84)
(24,29) (19,23) (66,74) (27,30) (87,108) (65,82) (28,32) (62,79) (8,10) (5,6) (5,6) (47,54) (6,7) (2,2) (96,102)
(28,29) (59,76) (19,22) (56,62) (62,68) (79,84) (20,23) (11,13) (65,73) (66,79) (43,51) (55,62) (83,87) (71,77) (67,71)
(50,57) (63,81) (9,10) (82,101) (21,24) (74,82) (59,68) (28,32) (30,37) (12,13) (85,103) (83,106) (8,9) (86,95) (73,80)
(38,38) (35,44) (28,29) (67,71) (80,97) (57,64) (59,62) (4,4) (12,13) (51,64) (17,22) (83,99) (17,21) (84,95) (36,43)
(58,62) (20,21) (95,113) (76,87) (65,70) (79,86) (8,8) (54,65) (60,65) (41,48) (34,37) (72,76) (50,50) (1,1) (3,3)
(16,19) (23,26) (44,46) (60,67) (41,48) (50,55) (51,59) (18,22) (26,28) (16,19) (90,99) (96,120) (45,49) (80,82) (88,107)
(92,96) (38,48) (45,50) (17,19) (38,42) (55,60) (49,62) (18,18) (45,57) (5,6) (26,27) (38,46) (47,50) (91,106) (92,99)
(56,62) (43,50) (91,97) (62,74) (52,57) (53,60) (30,38) (98,119) (41,45) (6,7) (1,1) (93,100) (32,35) (89,101) (94,100)
(34,40) (26,33) (53,67) (65,68) (71,80) (95,105) (76,93) (13,13) (17,19) (54,59) (62,74) (95,100) (15,19) (18,20) (3,3)
(20,22) (45,52) (74,89) (55,60) (42,49) (74,93) (37,47) (7,8) (4,4) (24,28) (58,67) (3,3) (59,64) (8,9) (96,116)
(70,79) (93,106) (24,25) (71,92) (76,96) (88,93) (67,83) (45,48) (62,76) (77,92) (32,38) (67,84) (40,46) (89,103) (22,26)
(24,30) (58,70) (39,45) (79,95) (1,1) (87,103) (1,1) (12,13) (61,62) (95,101) (10,12) (79,85) (31,37) (54,55) (86,98)
(30,34) (64,72) (57,67) (45,48) (36,40) (51,54) (88,111) (15,17) (34,43) (78,91) (77,95) (86,98) (23,27) (39,40) (93,95)
