# int__atai30_15_04  30 jobs  15 machines
30 15
7 0 12 5 11 10 8 2 13 6 4 3 1 14 9
7 11 6 10 3 1 4 2 14 8 12 13 9 5 0
1 2 8 5 4 10 12 14 13 6 7 9 11 0 3
7 5 2 10 1 3 13 6 8 12 4 14 11 9 0
13 12 0 9 3 5 10 14 4 8 1 6 11 7 2
8 6 4 3 5 11 0 12 9 1 13 2 14 7 10
3 9 5 13 8 14 12 10 2 0 1 6 7 4 11
6 8 14 3 10 11 12 4 7 1 9 13 2 5 0
12 8 3 0 14 6 11 10 13 1 7 5 9 2 4
14 12 10 11 3 5 8 2 9 13 0 4 7 1 6
11 13 7 9 12 14 2 5 8 6 10 3 4 1 0
9 10 11 4 13 8 1 2 14 0 5 12 6 3 7
9 3 6 4 10 8 12 5 1 14 11 13 0 2 7
13 7 5 14 0 6 12 9 11 3 2 1 4 10 8
10 2 9 5 3 14 13 1 4 0 7 12 11 8 6
1 4 3 9 14 0 5 7 2 11 8 10 12 6 13
13 3 5 9 7 1 4 10 6 11 0 14 12 2 8
14 0 1 9 7 11 10 13 6 12 2 5 4 3 8
7 5 11 14 8 13 3 6 9 4 1 2 10 0 12
5 1 8 2 6 9 12 7 4 10 13 3 14 0 11
8 5 1 11 10 6 7 4 12 13 0 9 3 14 2
9 2 5 4 0 8 14 10 3 1 6 11 13 7 12
14 1 0 12 10 13 6 3 8 11 5 4 2 9 7
10 12 1 7 5 8 11 9 14 3 2 6 4 0 13
13 2 1 5 4 8 14 0 11 10 7 12 6 3 9
1 13 10 0 12 11 4 3 7 9 8 5 14 6 2
5 7 10 14 12 11 2 0 9 13 4 6 1 3 8
11 10 9 7 8 1 3 6 2 12 0 14 13 4 5
2 8 0 10 1 13 5 12 3 11 4 7 14 6 9
1 8 5 3 6 13 11 0 4 9 10 12 2 7 14
(7,8) (11,13) (33,39) (54,64) (14,15) (31,36) (92,116) (62,69) (12,15) (21,25) (86,95) (31,34) (52,61) (5,6) (54,67)
(56,67) (11,12) (33,37) (55,63) (9,9) (70,88) (95,105) (31,38) (49,57) (33,34) (95,111) (44,54) (1,1) (47,48) (54,63)
(90,112) (56,65) (78,93) (8,9) (35,40) (7,8) (41,47) (30,37) (30,31) (47,48) (67,82) (19,22) (24,26) (37,38) (88,109)
(84,107) (23,26) (1,1) (49,52) (62,68) (26,31) (98,120) (21,24) (34,38) (18,21) (7,8) (54,62) (54,57) (83,100) (28,33)
(32,37) (36,39) (74,75) (17,21) (8,10) (54,63) (51,55) (30,37) (93,96) (31,34) (67,67) (78,87) (84,106) (5,6) (57,67)
(75,89) (25,25) (74,85) (70,88) (76,80) (22,25) (80,87) (36,42) (26,28) (84,101) (69,75) (16,17) (86,96) (77,82) (14,16)
(90,102) (52,55) (97,115) (10,12) (72,93) (4,5) (23,26) (10,12) (7,8) (15,17) (42,49) (86,98) (79,92) (47,54) (86,107)
(91,106) (81,87) (90,109) (30,33) (9,10) (63,72) (34,39) (94,120) (84,87) (36,42) (42,46) (96,106) (90,113) (1,1) (35,38)
(39,48) (43,52) (94,101) (21,23) (86,106) (66,70) (34,42) (63,74) (37,41) (51,55) (97,99) (93,102) (6,7) (24,27) (71,81)
(34,44) (53,63) (25,30) (97,116) (23,28) (64,80) (85,90) (71,78) (34,37) (58,67) (80,97) (29,38) (75,80) (13,14) (85,100)
(76,88) (33,36) (59,70) (74,85) (56,67) (60,68) (2,2) (42,50) (90,100) (42,44) (53,55) (43,48) (45,55) (59,61) (97,111)
(6,7) (56,68) (45,52) (94,114) (35,43) (62,65) (85,101) (46,55) (58,64) (34,35) (79,97) (86,111) (30,36) (76,84) (91,108)
(56,68) (2,2) (68,72) (19,20) (63,75) (26,33) (17,19) (32,40) (47,50) (81,83) (85,89) (27,31) (94,115) (69,88) (3,3)
(91,97) (39,48) (92,110) (35,44) (36,39) (45,47) (23,26) (95,114) (11,11) (54,59) (7,7) (65,71) (3,4) (42,50) (45,47)
(76,96) (32,36) (62,65) (56,69) (55,64) (75,85) (30,37) (59,68) (78,85) (25,28) (74,93) (95,103) (5,6) (5,5) (37,44)
(71,93) (28,30) (75,86) (48,54) (31,33) (49,57) (5,6) (24,28) (68,84) (38,44) (89,109) (70,82) (82,88) (77,87) (75,94)
(62,75) (83,101) (92,107) (11,12) (72,91) (40,42) (50,54) (26,29) (38,47) (54,63) (61,73) (73,91) (84,93) (73,76) (55,69)
(64,81) (73,86) (54,65) (4,5) (16,18) (6,6) (88,95) (28,35) (3,3) (10,10) (92,100) (51,55) (8,8) (57,70) (21,24)
(16,21) (75,92) (84,89) (43,46) (67,84) (5,6) (55,57) (7,8) (25,31) (59,68) (2,2) (18,22) (65,66) (56,68) (97,117)
(56,67) (80,101) (49,50) (53,63) (90,105) (33,34) (58,60) (50,54) (33,37) (59,68) (41,49) (64,76) (17,22) (11,14) (58,61)
(82,96) (31,36) (28,31) (17,20) (45,57) (29,31) (48,53) (36,41) (42,48) (18,18) (75,77) (65,74) (61,71) (45,54) (89,92)
(2,2) (64,75) (71,78) (80,93) (60,76) (61,68) (70,89) (20,23) (41,51) (57,66) (4,5) (64,71) (91,100) (73,91) (78,93)
(45,48) (80,95) (7,8) (35,46) (60,61) (73,80) (6,7) (81,97) (78,102) (92,105) (35,41) (78,96) (46,48) (86,110) (91,106)
(8,10) (59,65) (95,114) (68,70) (22,24) (89,100) (67,70) (87,104) (10,12) (51,62) (63,72) (19,20) (28,31) (46,57) (63,73)
(90,100) (2,2) (39,47) (12,14) (11,12) (17,18) (86,105) (68,78) (85,105) (86,99) (76,93) (74,89) (85,87) (5,6) (76,86)
(18,19) (89,110) (87,107) (20,22) (44,50) (30,33) (63,82) (47,60) (91,100) (10,12) (55,66) (30,34) (34,38) (57,58) (85,95)
(55,60) (18,21) (44,49) (9,10) (4,4) (2,2) (95,102) (60,74) (45,54) (54,59) (5,5) (47,57) (87,101) (31,36) (97,110)
(92,116) (94,112) (41,41) (73,90) (60,68) (65,74) (19,19) (36,42) (75,82) (83,92) (28,31) (63,76) (77,82) (64,78) (80,94)
(62,77) (60,74) (50,53) (21,25) (78,93) (26,32) (90,94) (63,67) (31,34) (45,52) (66,79) (39,48) (45,51) (75,85) (25,27)
(22,23) (51,54) (35,43) (29,39) (40,50) (90,110) (94,122) (66,72) (55,60) (31,33) (80,94) (38,47) (80,95) (47,53) (85,91)
