# int__atai15_15_08  15 jobs  15 machines
15 15
3 6 7 13 4 1 12 10 8 14 0 9 5 2 11
2 12 1 13 3 4 8 14 0 10 7 5 9 11 6
8 14 3 0 10 5 9 13 2 11 6 4 7 1 12
5 13 11 4 14 2 9 8 10 3 6 7 1 0 12
13 5 2 14 1 8 4 3 11 6 7 12 9 0 10
14 11 2 5 8 10 0 4 9 7 13 3 1 6 12
8 12 5 10 7 11 2 13 0 14 6 9 1 4 3
9 7 12 3 6 2 10 13 1 8 14 4 0 5 11
0 4 5 1 11 7 6 2 14 13 8 9 3 10 12
8 11 7 1 14 13 12 4 6 9 10 0 5 2 3
12 4 5 13 6 0 1 7 9 8 11 10 14 2 3
3 14 4 13 5 9 8 0 7 12 6 1 10 11 2
10 8 4 1 2 0 7 14 12 13 9 6 3 11 5
6 2 0 14 1 4 12 3 10 7 8 9 5 13 11
10 2 9 13 5 0 6 7 1 14 11 4 12 3 8
(80,102) (1,1) (96,110) (54,66) (29,34) (78,85) (81,92) (9,11) (47,49) (31,35) (19,23) (88,102) (65,70) (86,90) (61,80)
(4,5) (68,80) (77,94) (21,25) (81,92) (91,105) (64,73) (49,60) (79,103) (93,116) (68,75) (38,39) (36,38) (99,114) (73,77)
(44,50) (56,70) (63,74) (72,92) (85,94) (55,66) (53,58) (34,39) (57,64) (80,101) (23,27) (92,97) (23,24) (54,68) (80,93)
(34,39) (66,78) (52,62) (94,99) (8,9) (77,93) (78,97) (37,47) (39,41) (3,3) (56,73) (79,83) (29,37) (74,78) (69,83)
(84,86) (79,88) (35,43) (56,65) (93,102) (33,40) (14,16) (3,4) (87,93) (95,120) (9,11) (41,47) (92,114) (26,31) (27,30)
(28,29) (11,13) (66,75) (2,2) (33,41) (69,73) (61,68) (82,95) (72,75) (55,59) (94,118) (78,96) (70,85) (88,94) (23,26)
(21,26) (5,6) (94,107) (5,5) (22,25) (15,18) (75,82) (83,103) (73,91) (44,57) (34,39) (88,99) (94,120) (42,46) (35,46)
(47,60) (79,84) (59,62) (84,109) (39,49) (6,6) (79,102) (77,96) (43,49) (79,95) (9,10) (80,105) (97,100) (36,47) (66,82)
(74,81) (50,62) (65,73) (66,84) (6,6) (25,26) (98,112) (6,6) (34,41) (26,30) (49,58) (81,92) (5,5) (88,91) (1,1)
(82,88) (62,65) (54,65) (73,81) (89,99) (66,78) (33,35) (13,15) (50,59) (33,40) (89,103) (4,4) (17,19) (94,117) (73,80)
(39,48) (8,10) (34,40) (5,6) (1,1) (49,62) (32,33) (77,86) (86,97) (74,85) (45,50) (62,69) (41,46) (15,17) (11,13)
(37,45) (81,92) (47,51) (73,92) (15,15) (10,11) (89,93) (40,51) (93,110) (96,116) (16,19) (47,55) (20,22) (92,106) (19,25)
(88,103) (22,25) (11,13) (14,17) (37,44) (63,76) (28,33) (38,48) (87,100) (13,15) (27,30) (6,7) (23,27) (4,5) (22,27)
(14,15) (64,67) (4,4) (57,62) (7,8) (6,7) (5,6) (47,55) (54,62) (56,64) (2,2) (1,1) (4,5) (81,96) (73,93)
(24,25) (66,79) (4,4) (19,23) (79,98) (48,60) (23,28) (14,16) (14,16) (89,99) (82,102) (93,110) (61,66) (16,17) (3,3)
