# int__atai20_20_01  20 jobs  20 machines
20 20
6 1 15 2 19 13 16 18 3 12 14 5 10 7 8 9 0 17 11 4
8 6 10 9 19 1 0 17 2 11 7 13 18 15 4 14 5 3 16 12
1 3 4 12 0 14 7 19 10 11 5 18 13 15 16 8 9 2 17 6
18 15 10 1 19 9 2 12 4 0 13 16 14 11 3 5 8 17 6 7
2 10 12 15 7 14 17 5 8 1 13 0 3 16 4 9 11 18 6 19
0 16 10 9 17 8 5 3 19 11 15 2 14 4 12 13 1 6 7 18
11 0 1 19 9 10 8 17 18 16 4 3 12 7 6 15 5 14 2 13
16 3 8 10 18 7 1 14 19 2 12 6 5 11 17 4 13 9 15 0
17 18 15 11 10 12 14 3 1 0 16 9 6 19 7 8 4 2 13 5
9 5 3 2 11 4 16 14 7 13 1 18 8 15 12 6 17 19 0 10
5 9 18 0 3 16 6 1 2 11 15 19 7 8 4 10 12 17 14 13
11 5 9 4 3 15 17 7 18 19 13 1 6 12 10 0 14 16 2 8
15 3 4 7 18 13 19 9 2 10 11 14 6 17 12 16 0 8 1 5
13 10 16 8 4 1 2 19 14 12 18 17 0 5 9 7 6 3 11 15
0 5 4 19 14 8 1 16 15 10 12 2 11 6 7 18 13 3 17 9
11 16 17 10 15 12 0 5 4 8 3 7 13 1 18 9 19 6 14 2
7 8 5 13 19 16 11 1 14 18 10 6 3 15 4 2 0 9 17 12
17 10 15 5 4 14 8 18 13 6 19 3 1 9 11 2 12 16 7 0
14 3 16 0 10 18 4 1 5 19 12 9 11 15 13 7 17 8 6 2
13 10 3 14 1 8 0 16 19 4 6 9 11 5 2 7 17 12 15 18
(63,80) (55,65) (80,89) (93,113) (58,69) (83,101) (93,94) (59,76) (19,23) (13,17) (83,100) (43,53) (46,52) (9,9) (93,113) (9,9) (15,17) (65,81) (1,1) (92,99)
(38,48) (95,97) (86,109) (83,88) (75,90) (57,65) (80,92) (3,3) (78,84) (67,74) (63,68) (95,118) (32,36) (24,30) (47,51) (43,50) (7,7) (58,71) (40,43) (89,93)
(92,115) (63,80) (87,110) (60,65) (22,25) (89,94) (59,73) (14,17) (86,111) (39,40) (93,113) (65,81) (10,12) (51,62) (25,29) (15,17) (62,79) (81,95) (10,11) (26,28)
(91,98) (91,110) (94,118) (69,75) (82,100) (73,84) (31,34) (88,97) (51,56) (56,59) (77,92) (8,9) (7,7) (89,102) (78,83) (18,20) (50,60) (18,22) (96,110) (33,38)
(4,5) (80,101) (39,45) (85,94) (49,60) (52,67) (21,23) (6,7) (52,56) (65,84) (78,96) (20,25) (38,47) (34,36) (65,77) (71,81) (23,26) (29,32) (29,33) (51,64)
(92,97) (57,69) (93,110) (31,34) (89,95) (29,31) (55,66) (26,31) (90,112) (9,10) (75,93) (22,26) (20,25) (59,61) (36,39) (28,34) (91,99) (94,105) (76,84) (76,85)
(89,94) (41,46) (50,64) (42,46) (93,117) (28,31) (58,68) (88,88) (67,84) (15,20) (31,32) (63,67) (79,89) (75,86) (25,32) (48,58) (85,98) (60,77) (14,17) (30,34)
(17,22) (74,89) (19,23) (4,4) (89,107) (67,73) (19,22) (52,67) (83,94) (72,74) (41,44) (24,28) (36,41) (84,102) (66,72) (32,36) (51,55) (9,11) (49,51) (60,67)
(35,41) (98,107) (62,72) (6,7) (62,64) (7,8) (79,98) (3,3) (55,69) (7,8) (84,102) (29,36) (92,112) (89,103) (13,16) (84,108) (81,86) (80,101) (78,97) (55,65)
(81,96) (8,9) (63,78) (86,92) (15,18) (5,6) (57,68) (29,35) (57,65) (40,47) (16,20) (63,70) (85,90) (77,93) (86,92) (68,78) (43,49) (80,94) (6,6) (13,14)
(90,105) (26,27) (1,1) (8,9) (91,92) (77,87) (87,91) (47,54) (31,40) (28,29) (88,105) (93,100) (6,7) (34,42) (72,85) (47,48) (42,53) (73,85) (8,9) (49,53)
(3,3) (82,103) (33,35) (28,30) (58,68) (66,83) (44,47) (67,72) (57,66) (83,94) (63,66) (60,72) (97,105) (20,21) (30,36) (32,38) (33,36) (75,79) (49,52) (79,95)
(47,53) (87,104) (71,79) (94,108) (43,45) (27,34) (20,26) (49,54) (72,89) (16,21) (86,108) (58,69) (55,56) (63,68) (18,21) (17,19) (29,34) (15,17) (7,9) (34,43)
(57,69) (16,16) (40,48) (33,37) (35,43) (25,32) (66,83) (73,81) (5,5) (8,8) (12,14) (84,90) (83,95) (19,24) (92,113) (20,20) (81,101) (59,66) (9,11) (36,36)
(61,75) (11,11) (43,51) (10,10) (33,36) (5,5) (40,42) (45,52) (9,9) (72,75) (33,37) (34,37) (76,89) (12,13) (21,23) (43,48) (8,8) (97,99) (10,12) (82,90)
(31,37) (59,60) (21,26) (93,106) (68,86) (33,34) (94,108) (15,15) (22,28) (80,102) (15,20) (54,60) (49,52) (5,6) (58,67) (35,41) (12,14) (55,62) (11,12) (49,60)
(71,85) (41,50) (4,4) (61,73) (15,16) (26,31) (16,17) (33,42) (8,9) (49,55) (81,86) (11,13) (47,50) (5,5) (24,29) (38,47) (78,90) (45,55) (67,81) (24,27)
(81,89) (91,93) (24,29) (38,45) (20,21) (4,5) (43,46) (37,43) (59,74) (23,27) (3,4) (27,33) (85,89) (65,76) (54,56) (87,110) (97,116) (19,22) (72,91) (19,24)
(28,34) (78,95) (45,52) (98,98) (44,56) (28,31) (91,101) (12,14) (70,80) (31,37) (61,73) (37,44) (15,16) (94,104) (97,100) (47,50) (72,84) (7,8) (76,85) (78,82)
(70,87) (9,9) (10,12) (8,10) (4,5) (46,50) (89,94) (82,95) (6,7) (47,54) (7,9) (23,26) (92,98) (13,13) (84,93) (79,91) (33,34) (74,92) (34,43) (28,35)
