# int__atai20_20_03  20 jobs  20 machines
20 20
7 4 0 10 17 18 16 15 3 11 5 6 9 19 12 8 14 13 2 1
3 19 17 14 11 1 2 7 16 13 9 5 8 0 18 10 6 4 15 12
15 0 4 8 2 14 18 12 7 5 6 16 17 11 10 13 19 9 1 3
17 7 12 9 0 13 1 14 2 16 10 18 8 4 6 15 19 5 3 11
19 6 5 15 13 4 2 18 3 16 11 14 1 17 8 9 7 10 12 0
14 0 5 18 11 2 12 7 6 13 4 19 15 1 3 10 16 17 9 8
8 14 18 7 6 3 1 11 17 10 15 19 4 2 16 13 9 0 5 12
17 18 13 15 5 8 19 16 0 2 7 3 1 9 11 14 6 10 4 12
11 0 9 18 1 19 16 12 6 10 7 14 15 8 4 13 17 5 2 3
0 8 18 4 13 14 1 7 19 15 16 10 3 6 11 5 12 17 9 2
16 6 3 8 10 1 19 17 0 13 2 4 5 12 9 15 7 18 11 14
4 7 16 10 9 0 18 1 19 8 14 2 13 11 6 5 12 15 3 17
12 13 2 18 9 8 0 10 7 3 15 17 6 16 14 5 4 11 1 19
17 18 5 8 2 4 9 15 7 10 3 12 13 16 14 1 0 6 11 19
12 7 10 2 18 4 19 14 13 3 6 1 5 16 15 8 9 0 11 17
0 3 15 1 16 13 14 7 18 10 5 11 6 19 2 17 8 9 12 4
3 15 1 4 2 11 13 17 18 14 16 0 6 8 12 5 9 19 7 10
2 17 10 1 19 12 6 8 15 14 5 9 3 18 11 13 0 4 16 7
11 3 19 1 15 14 8 6 4 16 0 5 13 10 17 2 18 12 7 9
2 17 9 10 3 5 1 0 16 14 15 12 11 8 18 4 13 19 6 7
(33,38) (8,9) (78,86) (66,79) (27,32) (87,110) (89,107) (72,82) (7,8) (7,7) (18,19) (48,54) (62,71) (52,60) (9,10) (89,100) (66,79) (50,55) (56,67) (13,16)
(68,81) (10,12) (57,67) (10,11) (87,109) (5,6) (35,38) (9,11) (89,106) (90,100) (44,53) (55,65) (94,119) (27,31) (91,118) (90,98) (4,5) (49,61) (57,74) (10,10)
(76,92) (67,82) (35,43) (82,94) (34,36) (81,90) (33,39) (85,101) (91,92) (66,83) (12,14) (31,35) (91,107) (64,70) (13,16) (16,19) (38,47) (45,50) (4,5) (71,82)
(50,55) (40,42) (77,95) (46,48) (95,117) (66,81) (94,115) (53,59) (22,26) (17,19) (23,27) (23,27) (66,74) (15,19) (55,64) (81,103) (77,82) (25,31) (13,14) (70,88)
(7,8) (81,97) (62,69) (48,55) (87,93) (77,92) (31,34) (10,12) (77,79) (77,89) (20,24) (77,89) (20,24) (10,11) (84,109) (23,29) (91,109) (34,36) (88,108) (47,57)
(65,80) (69,81) (53,64) (25,30) (41,53) (23,30) (85,89) (59,60) (89,106) (62,69) (87,106) (21,25) (6,6) (50,60) (9,10) (18,19) (18,23) (50,52) (79,89) (66,77)
(64,81) (37,49) (10,10) (77,87) (52,59) (37,42) (28,29) (40,49) (62,71) (32,35) (89,91) (27,29) (70,86) (68,77) (61,73) (34,35) (17,19) (25,28) (42,44) (61,71)
(10,13) (33,37) (83,105) (12,15) (18,22) (56,62) (42,44) (24,29) (74,83) (82,86) (59,68) (49,56) (5,6) (45,51) (93,104) (82,94) (88,100) (30,33) (63,69) (75,90)
(37,41) (30,33) (30,37) (24,28) (89,111) (76,80) (3,4) (50,61) (84,106) (30,33) (84,90) (4,5) (55,63) (42,48) (53,61) (20,26) (29,31) (1,1) (71,75) (72,83)
(9,10) (48,57) (89,110) (38,47) (39,49) (58,73) (20,24) (27,30) (64,78) (21,27) (2,2) (45,47) (91,112) (11,13) (68,78) (93,110) (75,93) (66,74) (17,18) (39,48)
(56,60) (31,36) (64,74) (26,27) (22,29) (53,60) (13,16) (73,84) (75,80) (81,94) (33,37) (1,1) (63,65) (86,100) (37,38) (46,51) (27,33) (51,58) (3,4) (90,105)
(25,26) (32,39) (12,13) (26,34) (32,34) (48,55) (34,43) (5,5) (71,85) (3,3) (27,32) (52,54) (44,54) (32,36) (51,62) (98,112) (84,104) (83,86) (12,15) (98,109)
(63,65) (76,95) (78,97) (31,36) (73,76) (31,40) (66,81) (15,17) (63,67) (81,86) (30,36) (58,69) (72,86) (11,15) (25,30) (63,77) (96,114) (70,75) (45,48) (81,101)
(17,21) (94,114) (97,122) (38,47) (70,76) (79,87) (1,1) (41,52) (47,55) (61,67) (42,47) (48,60) (43,55) (70,85) (87,92) (43,50) (43,44) (20,22) (77,82) (58,72)
(87,87) (62,78) (8,9) (20,22) (86,92) (87,94) (76,85) (87,90) (44,52) (29,32) (42,47) (41,43) (80,100) (41,44) (72,86) (51,59) (24,26) (84,102) (41,52) (75,79)
(38,49) (91,114) (43,50) (23,23) (74,78) (7,8) (60,60) (44,51) (70,74) (49,55) (3,4) (66,73) (54,58) (19,21) (35,38) (8,9) (75,84) (20,25) (48,52) (42,51)
(73,90) (92,93) (80,91) (48,52) (7,7) (96,110) (41,48) (90,105) (6,6) (33,36) (48,57) (59,75) (31,34) (15,16) (34,37) (99,115) (82,86) (11,12) (79,84) (42,47)
(93,120) (76,100) (2,2) (35,37) (30,33) (36,40) (58,69) (11,12) (23,26) (81,94) (10,11) (30,33) (95,105) (87,97) (46,48) (37,37) (71,75) (11,12) (90,100) (53,64)
(1,1) (92,118) (67,68) (8,9) (7,8) (71,85) (36,43) (49,53) (40,45) (31,33) (53,63) (90,100) (30,38) (49,52) (74,80) (19,25) (28,33) (55,61) (36,38) (15,17)
(28,30) (31,34) (47,50) (87,93) (7,7) (36,46) (83,98) (74,83) (21,22) (45,46) (46,48) (1,1) (16,20) (29,33) (47,48) (80,84) (51,54) (43,51) (90,98) (79,83)
