# int__atai30_15_01  30 jobs  15 machines
30 15
3 10 14 1 5 8 4 11 13 12 2 9 7 0 6
6 4 2 3 14 5 7 13 9 0 11 12 8 10 1
4 2 10 5 12 13 3 11 9 7 8 6 14 1 0
0 13 4 1 14 9 12 3 8 5 2 6 10 7 11
6 1 10 4 8 5 2 9 7 0 13 11 3 14 12
5 6 12 3 0 4 2 8 1 13 11 9 14 7 10
11 13 1 6 4 12 14 0 10 8 5 7 2 9 3
5 2 1 4 9 13 8 10 11 3 7 0 6 12 14
7 13 12 5 10 9 0 11 8 4 2 1 14 6 3
6 7 14 1 9 11 3 5 10 2 8 0 13 12 4
10 0 3 4 5 11 7 12 13 14 8 1 6 2 9
5 0 9 11 12 6 10 14 8 4 7 3 13 1 2
8 0 7 4 3 1 13 5 6 12 11 9 2 14 10
4 9 13 12 6 2 7 1 11 10 8 14 0 5 3
7 14 11 2 10 12 1 3 13 9 4 8 5 0 6
13 12 4 11 1 0 10 6 5 9 2 7 3 14 8
0 7 12 14 3 2 8 11 13 9 4 1 5 6 10
5 6 7 4 12 9 11 3 10 8 1 0 2 14 13
12 4 3 13 11 6 5 0 10 1 2 9 7 8 14
0 7 3 11 10 1 8 12 5 6 2 14 9 13 4
14 5 7 1 10 6 9 3 12 0 11 13 4 2 8
12 11 6 8 13 10 1 7 14 9 4 3 2 0 5
8 9 11 3 4 13 10 2 0 12 5 6 7 1 14
12 8 6 9 11 5 2 7 14 0 4 1 3 13 10
14 11 8 4 10 5 3 2 6 9 12 13 0 1 7
7 14 4 0 12 10 8 5 3 1 6 9 2 11 13
11 12 4 14 13 1 5 8 0 7 10 9 2 6 3
14 8 7 1 0 6 9 12 5 10 4 13 11 2 3
8 7 10 14 5 12 9 2 11 1 3 0 13 6 4
2 12 13 3 0 14 6 5 10 11 8 9 1 7 4
(95,122) (43,45) (6,7) (94,111) (23,26) (97,98) (80,91) (24,26) (29,37) (51,54) (34,41) (93,108) (50,51) (48,59) (37,46)
(19,21) (23,26) (63,69) (16,20) (93,105) (9,10) (59,67) (32,33) (58,67) (84,94) (9,10) (36,43) (22,25) (24,27) (5,5)
(54,57) (60,66) (93,113) (76,93) (58,60) (70,77) (49,60) (86,89) (38,47) (12,14) (16,20) (85,97) (47,56) (29,35) (54,66)
(59,72) (16,19) (77,82) (81,85) (82,89) (41,43) (59,72) (13,15) (74,82) (58,64) (97,110) (17,18) (41,50) (30,36) (18,23)
(48,52) (52,52) (45,53) (49,55) (1,1) (14,15) (2,2) (54,65) (61,65) (50,58) (74,76) (27,32) (9,11) (36,42) (6,7)
(58,64) (65,78) (84,95) (39,44) (22,24) (38,44) (98,105) (46,47) (17,18) (94,106) (6,7) (66,81) (69,74) (85,96) (8,10)
(10,12) (7,8) (21,26) (34,42) (30,38) (73,89) (55,66) (48,54) (43,53) (20,25) (77,84) (69,78) (64,70) (45,51) (67,85)
(53,57) (71,78) (89,109) (25,28) (54,63) (86,109) (81,97) (66,70) (36,40) (61,73) (70,89) (16,18) (58,69) (4,4) (45,56)
(74,81) (72,84) (41,46) (16,21) (27,31) (55,60) (76,84) (5,6) (69,79) (19,24) (88,111) (44,53) (41,46) (54,61) (17,21)
(17,19) (78,79) (90,97) (68,82) (46,49) (22,25) (20,20) (88,109) (94,97) (87,91) (6,7) (35,36) (80,96) (25,26) (81,87)
(50,59) (60,71) (45,47) (58,69) (15,17) (74,75) (49,55) (25,29) (91,111) (53,63) (1,1) (57,63) (56,62) (52,67) (69,74)
(60,79) (71,80) (81,89) (84,100) (15,15) (52,59) (51,59) (50,57) (34,42) (21,26) (44,55) (39,49) (20,25) (95,113) (48,59)
(89,99) (87,94) (76,86) (32,34) (30,37) (25,28) (14,16) (75,78) (88,103) (69,83) (55,64) (54,62) (38,43) (47,57) (22,26)
(86,109) (46,59) (56,72) (32,42) (28,32) (82,92) (23,29) (48,56) (96,117) (87,96) (83,101) (79,94) (52,56) (95,121) (10,10)
(34,35) (31,33) (29,36) (89,108) (55,62) (28,29) (87,100) (16,17) (96,121) (4,5) (81,91) (97,116) (26,31) (29,34) (74,81)
(18,20) (89,110) (59,64) (58,60) (3,3) (91,116) (33,39) (56,56) (23,25) (17,21) (63,76) (52,64) (29,32) (41,45) (10,11)
(2,2) (25,28) (16,21) (17,20) (59,71) (38,42) (22,27) (90,108) (78,85) (56,68) (33,34) (8,9) (46,55) (71,74) (56,56)
(6,6) (77,96) (64,80) (55,64) (93,110) (43,47) (76,83) (3,4) (29,33) (79,84) (27,30) (59,62) (93,94) (14,17) (76,79)
(30,35) (78,81) (84,93) (77,98) (55,67) (46,53) (32,39) (40,52) (91,95) (83,97) (53,67) (32,38) (8,9) (16,19) (60,78)
(95,103) (1,1) (73,87) (42,44) (43,47) (50,63) (10,12) (57,69) (71,86) (88,105) (22,28) (18,19) (61,78) (27,32) (62,75)
(81,86) (82,95) (15,20) (59,69) (42,53) (74,87) (27,33) (14,16) (18,20) (91,102) (22,23) (1,1) (62,72) (9,9) (5,6)
(46,46) (29,34) (49,53) (11,13) (71,79) (18,20) (79,94) (71,84) (23,24) (1,1) (58,67) (1,1) (94,107) (25,26) (69,82)
(10,11) (38,44) (48,51) (54,61) (68,88) (40,40) (88,106) (27,35) (89,101) (41,43) (9,11) (91,105) (50,64) (6,7) (19,22)
(68,73) (62,74) (67,72) (94,108) (83,94) (77,96) (36,42) (7,7) (51,64) (47,54) (42,50) (57,63) (86,107) (28,29) (83,89)
(81,100) (97,120) (65,79) (58,70) (15,15) (28,32) (9,10) (77,82) (74,84) (84,100) (95,103) (81,93) (88,93) (27,31) (92,98)
(38,40) (6,7) (57,63) (34,36) (33,42) (31,35) (12,12) (7,8) (35,41) (4,5) (50,63) (66,83) (88,100) (3,3) (39,43)
(95,106) (83,92) (49,57) (9,11) (23,27) (7,8) (57,73) (95,100) (48,52) (97,120) (64,76) (30,37) (31,37) (29,29) (1,1)
(57,63) (66,76) (3,3) (8,8) (2,2) (9,11) (67,83) (14,15) (71,87) (82,96) (67,70) (51,65) (43,52) (58,64) (7,7)
(88,107) (21,22) (52,65) (62,65) (56,62) (75,86) (51,57) (14,17) (60,73) (85,91) (82,87) (93,102) (82,87) (23,25) (84,93)
(49,58) (68,85) (93,112) (78,90) (34,36) (56,59) (8,8) (93,105) (11,12) (3,3) (59,71) (71,89) (25,31) (21,24) (44,48)
