# int__atai50_20_09  50 jobs  20 machines
50 20
2 6 0 18 9 12 5 10 19 16 15 7 3 13 8 1 17 14 4 11
3 0 13 12 2 18 4 11 1 16 17 10 19 5 8 15 6 9 14 7
17 7 15 2 19 0 6 1 18 13 5 11 14 3 16 4 10 12 9 8
3 5 11 15 7 12 8 17 18 6 16 14 9 0 1 19 4 2 13 10
19 17 11 14 0 6 3 1 15 10 7 13 18 2 9 8 5 16 12 4
11 16 1 14 9 7 0 6 17 5 4 8 19 2 12 18 13 10 15 3
18 12 3 19 2 15 1 4 8 9 16 17 14 10 7 5 0 11 13 6
6 19 1 0 16 7 17 10 12 15 14 11 8 4 18 13 2 9 3 5
13 12 19 17 14 15 11 1 7 2 16 10 8 4 6 3 5 9 0 18
7 18 6 13 2 16 0 3 4 15 5 11 9 1 10 19 17 12 14 8
3 8 19 4 7 1 0 14 16 12 13 11 15 10 5 6 2 9 18 17
4 18 3 12 14 13 1 16 10 9 11 15 2 19 8 7 5 0 17 6
17 3 7 5 16 11 6 19 9 0 12 15 10 13 8 14 1 4 2 18
0 13 8 14 2 11 1 16 17 7 12 9 15 5 19 4 18 6 3 10
15 11 3 1 9 13 19 8 12 7 5 14 2 17 6 18 16 10 0 4
7 14 3 6 18 12 19 9 0 1 11 16 15 5 2 4 17 10 8 13
9 15 8 13 7 17 4 2 18 14 11 12 0 5 6 3 16 1 19 10
14 3 18 7 17 5 15 0 9 19 10 4 8 11 13 6 12 1 16 2
12 6 11 17 3 18 4 14 9 1 2 16 13 0 10 5 15 7 19 8
11 5 19 0 13 3 7 16 10 6 9 15 2 4 17 14 1 12 8 18
0 9 15 3 7 1 4 19 13 5 17 14 11 6 2 18 10 12 8 16
2 15 4 17 5 10 16 18 14 3 1 0 19 12 6 11 9 13 7 8
19 15 16 6 11 3 12 18 4 17 14 9 8 0 1 7 5 2 13 10
6 18 4 5 17 16 3 7 9 1 19 12 14 8 10 13 15 11 2 0
8 5 3 12 6 7 13 19 0 10 14 11 16 17 15 2 9 4 18 1
17 12 11 19 9 5 2 6 3 16 14 1 18 10 13 15 4 7 0 8
10 16 1 12 15 6 9 0 11 7 18 19 8 4 5 17 14 13 2 3
17 13 5 11 15 16 10 12 1 14 3 9 19 8 0 6 2 4 18 7
16 13 18 7 3 2 8 17 19 5 6 9 0 4 12 1 15 11 10 14
7 6 12 9 16 0 5 18 13 2 3 10 11 15 1 4 8 17 14 19
13 10 9 16 6 0 18 19 2 3 14 5 4 15 11 12 8 17 7 1
11 17 15 1 4 6 13 3 12 2 7 14 5 8 16 19 10 9 0 18
8 10 0 7 17 2 16 5 3 9 18 11 13 19 15 12 1 4 14 6
19 17 16 3 8 6 9 10 0 5 18 4 15 7 14 12 13 11 2 1
19 14 10 15 12 0 8 17 6 9 16 11 4 7 5 13 3 2 18 1
10 6 3 4 0 11 12 1 8 7 2 17 16 5 15 18 19 14 9 13
15 11 6 12 9 18 7 5 1 0 17 19 10 8 4 3 16 2 13 14
2 11 13 10 12 3 5 1 16 14 8 18 15 6 9 4 17 0 19 7
9 17 8 14 11 0 7 6 1 19 10 12 5 15 3 4 16 18 2 13
11 17 4 18 12 19 9 16 6 8 1 0 15 5 7 3 13 14 2 10
11 6 10 5 7 2 19 9 0 8 14 3 16 13 15 12 18 1 17 4
4 5 14 12 11 8 15 7 2 16 6 19 17 18 9 0 10 1 13 3
17 6 5 8 15 19 12 14 7 11 3 18 2 10 4 16 13 9 1 0
9 6 15 5 14 10 19 2 3 16 0 17 12 13 7 18 1 8 4 11
5 2 12 8 13 11 1 3 0 15 18 16 7 9 6 17 14 19 10 4
16 14 12 7 2 5 3 13 4 10 11 17 15 6 9 0 19 8 18 1
1 14 19 12 7 8 17 10 0 3 6 2 11 13 5 15 16 18 4 9
10 9 3 12 2 8 19 0 15 17 5 16 4 6 11 13 1 14 7 18
15 3 4 10 1 16 18 5 14 8 13 6 11 17 19 12 7 0 9 2
12 6 8 11 17 1 4 15 13 5 2 14 18 16 7 9 10 0 19 3
(84,93) (25,30) (16,17) (14,17) (43,49) (27,30) (85,88) (88,99) (31,39) (70,82) (60,70) (13,15) (47,53) (67,80) (65,75) (54,60) (81,100) (23,25) (90,94) (29,31)
(73,79) (31,39) (54,58) (21,27) (81,88) (18,19) (49,52) (79,82) (26,31) (67,85) (45,53) (83,97) (51,51) (1,1) (86,105) (74,81) (97,104) (46,49) (23,24) (60,72)
(36,41) (67,69) (41,51) (44,49) (33,36) (72,85) (14,16) (79,85) (15,15) (35,36) (88,99) (10,11) (43,52) (18,20) (73,89) (68,82) (53,64) (61,65) (86,92) (98,119)
(42,42) (23,28) (28,35) (8,9) (93,110) (19,23) (63,71) (45,54) (19,22) (4,5) (83,86) (69,72) (2,2) (86,97) (75,77) (12,14) (88,102) (65,69) (37,46) (83,106)
(55,71) (66,72) (99,111) (9,10) (89,98) (55,63) (16,20) (34,37) (30,32) (56,59) (27,30) (69,75) (80,84) (29,31) (82,89) (5,6) (13,15) (3,3) (88,108) (8,8)
(32,35) (33,39) (31,37) (17,18) (48,53) (13,13) (4,5) (7,8) (36,40) (61,69) (45,56) (29,30) (83,92) (23,25) (43,52) (92,97) (15,15) (9,10) (53,61) (40,47)
(4,5) (69,77) (62,64) (18,20) (18,22) (47,53) (46,49) (49,57) (81,98) (92,117) (22,27) (7,7) (68,79) (66,82) (33,39) (73,87) (12,14) (54,58) (11,13) (58,65)
(44,45) (19,25) (83,101) (2,2) (87,110) (31,38) (54,65) (39,45) (38,45) (3,4) (20,24) (65,79) (83,100) (40,46) (89,112) (52,54) (74,85) (80,99) (97,108) (61,75)
(43,50) (69,72) (8,9) (59,76) (49,52) (95,111) (91,102) (97,107) (80,95) (47,52) (6,7) (22,27) (49,60) (23,30) (35,37) (21,24) (17,20) (46,59) (53,55) (21,23)
(23,26) (20,21) (88,102) (46,54) (98,116) (83,93) (19,23) (89,108) (1,1) (20,24) (35,37) (57,63) (2,2) (84,106) (40,52) (37,43) (66,71) (79,85) (43,53) (54,65)
(61,70) (20,22) (91,115) (51,56) (72,86) (89,91) (90,97) (42,45) (69,88) (38,39) (59,62) (29,30) (6,7) (72,84) (30,37) (86,104) (63,71) (23,29) (16,19) (45,51)
(5,5) (47,54) (88,106) (78,89) (81,98) (83,99) (1,1) (77,89) (91,102) (40,44) (21,24) (66,70) (85,96) (67,82) (54,63) (30,36) (94,109) (94,107) (72,86) (23,26)
(56,67) (47,60) (51,54) (83,90) (19,20) (14,17) (43,51) (96,117) (23,25) (11,14) (95,112) (51,58) (64,74) (10,12) (88,110) (47,57) (76,82) (5,6) (27,35) (5,6)
(52,65) (29,34) (66,73) (33,34) (3,4) (55,69) (18,18) (20,21) (32,41) (62,67) (68,82) (87,102) (55,61) (87,109) (2,2) (32,40) (22,26) (20,25) (26,30) (96,103)
(62,80) (84,102) (92,98) (34,35) (4,4) (75,83) (10,10) (67,71) (75,90) (51,63) (66,78) (88,92) (23,26) (29,37) (72,83) (68,82) (54,68) (87,97) (48,57) (73,75)
(93,114) (9,10) (29,34) (45,53) (62,79) (72,88) (60,67) (11,14) (30,37) (77,91) (60,76) (19,23) (53,66) (37,38) (17,18) (30,37) (31,38) (96,104) (19,23) (93,116)
(14,15) (86,95) (73,84) (83,91) (74,90) (88,89) (39,48) (56,71) (58,62) (44,50) (21,25) (58,62) (90,99) (24,30) (47,52) (12,12) (36,46) (76,85) (76,81) (51,56)
(46,49) (91,109) (11,13) (73,87) (4,5) (9,11) (95,108) (22,23) (31,38) (86,105) (64,67) (19,23) (66,79) (81,97) (87,97) (33,39) (76,81) (90,114) (89,103) (81,92)
(91,101) (76,85) (71,84) (2,2) (96,117) (66,78) (96,110) (77,86) (21,26) (41,49) (56,66) (96,110) (51,55) (65,75) (47,53) (32,34) (46,54) (57,65) (80,83) (38,47)
(19,25) (92,101) (64,70) (95,96) (6,6) (26,29) (38,41) (25,27) (88,113) (12,14) (63,68) (13,15) (70,79) (31,31) (94,103) (24,27) (85,102) (88,103) (11,13) (5,5)
(75,90) (79,85) (35,37) (51,55) (92,114) (87,98) (7,7) (63,73) (39,42) (58,75) (75,94) (2,2) (7,7) (69,76) (47,52) (18,21) (58,66) (66,71) (48,59) (82,105)
(60,70) (49,59) (86,105) (86,98) (34,37) (20,20) (67,73) (86,91) (41,52) (90,105) (50,60) (93,99) (11,15) (86,91) (34,43) (3,3) (96,120) (35,40) (8,10) (69,72)
(43,52) (66,69) (91,113) (60,63) (11,13) (52,62) (54,57) (51,61) (40,52) (87,92) (82,96) (34,37) (7,8) (59,68) (51,61) (91,104) (24,26) (54,58) (49,51) (54,67)
(11,12) (69,76) (59,69) (71,77) (87,92) (96,121) (21,24) (71,81) (80,93) (79,81) (96,101) (91,102) (81,88) (69,72) (92,98) (52,60) (69,75) (11,13) (91,97) (81,85)
(81,101) (38,39) (50,63) (49,56) (30,38) (17,18) (91,96) (87,96) (44,51) (97,105) (64,75) (7,7) (20,23) (52,59) (9,10) (7,7) (14,14) (82,106) (32,38) (85,98)
(98,106) (89,93) (76,86) (41,46) (53,66) (45,46) (58,71) (74,93) (29,35) (87,94) (57,73) (59,68) (61,64) (57,62) (87,101) (24,27) (18,22) (29,29) (49,52) (52,66)
(26,27) (48,60) (7,7) (76,83) (72,85) (3,3) (27,34) (20,23) (55,63) (91,110) (38,44) (57,65) (67,75) (72,86) (6,6) (25,28) (25,27) (52,57) (94,106) (12,13)
(77,88) (69,86) (22,23) (55,67) (17,21) (14,17) (63,71) (89,100) (28,35) (45,54) (8,9) (39,46) (9,11) (56,72) (95,100) (24,25) (1,1) (64,78) (43,47) (64,70)
(61,74) (79,94) (70,87) (42,47) (93,97) (40,51) (6,7) (84,94) (5,6) (12,14) (54,65) (18,21) (81,93) (26,31) (38,38) (49,59) (90,106) (93,109) (78,92) (55,70)
(17,19) (34,44) (70,80) (10,12) (24,30) (25,30) (69,80) (66,73) (15,19) (17,21) (30,31) (60,61) (68,86) (38,46) (52,63) (54,62) (85,89) (45,53) (39,46) (10,12)
(7,9) (14,14) (11,13) (33,40) (47,60) (79,84) (72,83) (11,12) (51,56) (19,22) (34,36) (70,76) (77,98) (40,51) (4,4) (27,28) (13,16) (73,90) (10,12) (25,31)
(53,64) (81,96) (51,65) (24,27) (76,80) (23,23) (37,38) (58,69) (21,24) (44,55) (64,82) (90,105) (56,60) (80,83) (51,63) (54,62) (24,27) (96,121) (55,60) (37,47)
(49,55) (21,26) (35,40) (93,96) (68,75) (89,95) (73,90) (84,94) (36,42) (38,40) (30,33) (21,24) (27,34) (87,91) (6,7) (87,95) (72,91) (91,98) (53,67) (38,47)
(78,95) (17,21) (40,47) (66,81) (92,116) (81,99) (23,28) (52,59) (59,65) (27,30) (23,29) (68,85) (48,60) (21,21) (49,62) (18,20) (20,20) (58,66) (43,51) (21,22)
(2,2) (85,90) (56,60) (47,58) (65,67) (81,85) (44,48) (40,50) (18,22) (84,88) (55,59) (2,2) (79,100) (1,1) (36,37) (49,53) (25,30) (11,14) (20,21) (1,1)
(83,97) (63,67) (11,14) (81,90) (35,39) (25,27) (86,96) (26,29) (10,12) (13,15) (61,76) (29,33) (24,28) (75,94) (95,110) (59,66) (64,71) (28,33) (27,28) (14,17)
(13,17) (47,53) (10,13) (28,31) (18,20) (37,45) (21,21) (77,90) (40,48) (62,64) (68,82) (47,57) (51,55) (79,84) (36,43) (31,38) (50,52) (57,69) (32,40) (46,51)
(9,11) (94,96) (42,46) (38,42) (6,7) (67,69) (57,60) (89,106) (80,94) (87,103) (7,7) (49,58) (93,114) (50,53) (37,47) (54,70) (47,49) (91,116) (22,25) (18,18)
(78,97) (93,103) (77,89) (35,37) (95,108) (10,10) (1,1) (81,97) (54,60) (30,33) (84,91) (52,62) (92,119) (74,76) (52,56) (11,14) (62,68) (43,50) (42,45) (18,22)
(33,38) (71,85) (39,41) (51,64) (90,110) (73,85) (56,65) (66,69) (35,37) (7,7) (6,6) (69,76) (84,95) (53,65) (52,57) (95,119) (36,39) (89,107) (27,31) (65,71)
(97,123) (86,90) (17,19) (32,35) (3,3) (58,65) (21,26) (74,78) (57,61) (5,6) (21,24) (10,13) (74,94) (90,103) (11,12) (62,73) (89,98) (91,112) (14,16) (60,63)
(47,52) (93,99) (13,13) (44,49) (76,93) (9,10) (60,74) (8,9) (86,105) (28,33) (54,57) (39,42) (82,102) (34,38) (20,24) (56,71) (40,46) (46,55) (54,70) (40,51)
(15,18) (76,91) (45,51) (59,62) (51,62) (49,54) (54,60) (29,31) (49,50) (37,41) (24,31) (87,92) (14,16) (66,75) (13,14) (41,46) (28,32) (36,37) (7,8) (2,2)
(11,13) (68,79) (88,109) (11,13) (71,84) (71,87) (75,90) (58,63) (58,66) (19,21) (82,101) (86,91) (24,27) (73,94) (62,67) (42,49) (29,34) (81,91) (27,35) (63,70)
(31,36) (11,11) (72,89) (26,31) (12,15) (66,71) (32,38) (16,19) (12,13) (55,64) (56,64) (31,38) (93,104) (88,109) (27,31) (32,41) (73,80) (97,119) (39,43) (73,79)
(89,100) (1,1) (68,80) (4,5) (93,113) (9,10) (59,61) (45,52) (61,71) (35,42) (77,95) (75,80) (9,11) (51,63) (43,47) (58,71) (92,101) (73,91) (93,112) (20,22)
(43,44) (77,80) (58,64) (93,117) (3,3) (4,5) (48,60) (70,79) (40,46) (86,111) (93,110) (11,14) (29,36) (10,11) (39,48) (76,93) (66,78) (11,11) (83,96) (67,78)
(91,92) (63,67) (76,99) (48,59) (63,71) (35,39) (67,72) (98,116) (77,90) (45,50) (9,11) (7,7) (64,82) (21,25) (92,104) (11,12) (55,58) (25,29) (63,80) (55,58)
(23,27) (72,77) (12,14) (50,51) (45,51) (22,25) (51,59) (74,90) (73,95) (47,52) (50,53) (51,64) (52,55) (18,19) (3,3) (18,20) (54,60) (96,113) (68,83) (24,26)
(63,67) (20,20) (88,93) (26,33) (5,6) (47,55) (89,96) (22,27) (74,87) (62,75) (76,94) (12,12) (47,53) (39,43) (3,4) (59,75) (53,64) (35,40) (14,18) (16,17)
