# int__atai30_15_06  30 jobs  15 machines
30 15
2 13 9 1 4 0 14 12 6 11 5 7 3 8 10
3 11 14 1 5 0 8 10 2 4 6 9 12 13 7
2 8 6 5 4 7 0 14 11 1 10 12 3 13 9
6 0 8 7 4 9 2 14 12 10 11 1 3 5 13
12 3 5 0 10 11 13 6 7 4 8 2 1 14 9
11 1 3 0 5 8 7 10 4 2 6 9 12 14 13
10 1 11 5 9 4 13 3 7 0 8 6 14 12 2
12 1 4 5 13 9 2 14 7 3 11 8 6 10 0
10 14 11 9 4 0 3 2 6 8 5 13 7 1 12
14 2 3 1 5 9 10 4 11 0 8 7 6 13 12
7 6 12 1 2 11 3 14 4 13 5 0 8 9 10
14 3 13 0 7 12 6 1 11 10 2 8 9 4 5
3 11 13 8 2 1 10 14 4 9 12 5 6 0 7
8 0 13 1 6 14 10 4 5 11 2 9 7 12 3
5 12 4 6 14 8 3 7 13 9 1 10 2 11 0
2 5 12 11 1 4 7 14 0 9 8 6 3 13 10
10 3 1 4 7 5 2 0 14 12 8 6 13 9 11
2 6 13 4 3 8 7 5 14 10 9 12 1 11 0
2 0 6 11 5 12 7 14 13 4 3 1 10 8 9
6 5 2 3 0 7 10 1 14 4 8 13 9 11 12
5 13 2 14 11 0 6 4 1 9 7 10 12 3 8
12 6 0 14 9 10 5 4 7 3 8 13 11 1 2
1 5 10 4 12 3 0 7 8 14 9 13 11 2 6
13 3 8 2 14 6 10 7 9 1 4 0 5 11 12
8 1 3 12 0 2 4 6 14 9 13 11 5 7 10
2 0 7 5 11 8 13 1 14 9 4 10 6 12 3
7 6 9 11 10 13 12 0 5 1 4 3 8 2 14
7 0 14 10 3 2 11 5 12 1 6 4 8 13 9
10 14 5 1 6 4 13 8 2 11 0 9 12 3 7
13 1 2 0 6 12 10 7 9 5 3 11 4 8 14
(96,119) (86,89) (72,84) (3,3) (95,119) (84,90) (87,90) (66,70) (15,18) (60,74) (72,75) (3,3) (63,78) (88,101) (32,40)
(21,25) (32,38) (37,44) (93,107) (79,88) (36,39) (50,53) (82,90) (4,4) (80,91) (7,8) (26,32) (86,95) (15,16) (86,108)
(86,90) (35,39) (93,104) (64,80) (23,28) (84,102) (94,113) (93,110) (77,99) (2,2) (91,94) (5,5) (22,29) (44,50) (11,12)
(60,65) (58,72) (36,41) (1,1) (10,11) (21,24) (88,100) (23,25) (61,74) (42,51) (52,66) (88,97) (4,4) (38,40) (9,10)
(50,56) (87,102) (37,45) (26,27) (73,89) (67,85) (73,81) (71,79) (86,86) (46,54) (80,93) (47,52) (15,17) (89,97) (28,30)
(35,37) (52,64) (45,54) (95,110) (17,20) (75,80) (81,97) (86,102) (59,74) (51,60) (26,29) (32,36) (84,89) (74,89) (13,15)
(79,81) (70,74) (25,29) (51,52) (24,29) (98,114) (4,5) (96,111) (17,18) (50,57) (82,96) (46,52) (81,105) (98,109) (71,83)
(74,87) (79,92) (43,49) (72,78) (44,47) (58,70) (25,28) (64,83) (18,22) (16,21) (4,5) (72,78) (31,38) (67,73) (6,7)
(48,57) (26,31) (28,33) (54,66) (54,59) (16,18) (39,46) (2,2) (15,18) (88,105) (47,48) (10,10) (2,2) (73,84) (16,16)
(26,31) (1,1) (84,94) (42,48) (17,18) (19,21) (49,51) (39,41) (39,43) (63,74) (10,11) (48,56) (10,13) (34,43) (78,101)
(6,6) (34,38) (67,69) (70,81) (29,30) (96,119) (59,68) (10,12) (78,87) (25,31) (59,74) (40,49) (40,50) (40,49) (53,66)
(56,70) (85,99) (86,107) (8,10) (4,5) (16,18) (64,72) (42,46) (73,90) (93,110) (3,3) (12,14) (52,68) (3,3) (29,30)
(21,23) (88,110) (38,41) (91,96) (25,26) (23,24) (37,46) (14,15) (72,87) (85,98) (76,78) (41,43) (3,3) (31,33) (80,95)
(72,85) (68,73) (59,66) (71,78) (60,72) (80,89) (80,96) (41,44) (41,52) (42,47) (19,23) (49,59) (7,7) (5,6) (7,7)
(75,87) (68,87) (43,50) (91,98) (9,9) (47,55) (19,22) (28,29) (25,28) (14,16) (60,63) (38,46) (65,68) (28,32) (47,60)
(91,96) (12,14) (32,35) (34,43) (56,70) (33,39) (22,22) (45,57) (85,103) (46,59) (59,69) (42,52) (82,86) (12,13) (57,61)
(68,72) (35,42) (67,83) (66,67) (85,96) (40,52) (72,75) (51,64) (69,74) (44,53) (93,99) (41,50) (93,104) (3,3) (90,107)
(67,75) (29,31) (46,59) (55,60) (65,70) (95,108) (94,98) (17,19) (62,71) (69,76) (6,7) (95,106) (61,78) (32,41) (27,29)
(78,83) (90,101) (14,15) (86,106) (33,38) (65,71) (43,45) (22,24) (83,92) (90,100) (88,95) (85,95) (62,71) (39,40) (14,15)
(88,107) (41,47) (14,17) (17,20) (50,50) (15,17) (2,2) (35,43) (45,53) (11,11) (34,38) (29,30) (69,72) (75,94) (55,59)
(74,78) (65,75) (33,41) (92,110) (13,13) (57,61) (24,29) (10,12) (6,6) (47,52) (39,45) (59,70) (70,90) (92,108) (16,20)
(85,98) (84,98) (44,49) (57,64) (16,19) (52,56) (38,41) (82,102) (11,11) (55,59) (29,35) (59,63) (79,87) (43,53) (4,4)
(48,49) (42,53) (3,4) (70,91) (48,51) (61,76) (20,21) (65,77) (40,46) (36,45) (16,18) (65,68) (89,98) (78,84) (5,5)
(68,70) (56,60) (34,35) (65,77) (72,76) (60,63) (89,102) (1,1) (42,43) (64,70) (84,98) (77,89) (76,90) (79,99) (94,106)
(54,62) (26,32) (48,51) (95,98) (42,49) (74,85) (33,41) (80,102) (80,88) (84,108) (92,103) (40,43) (20,22) (94,102) (14,19)
(8,9) (75,94) (24,27) (19,21) (72,74) (80,98) (46,57) (90,110) (94,99) (91,95) (66,83) (46,49) (66,83) (43,47) (54,59)
(50,62) (11,12) (97,121) (43,45) (14,16) (36,46) (55,64) (49,58) (39,43) (86,102) (2,2) (73,76) (19,19) (39,48) (91,98)
(5,6) (52,62) (43,55) (17,17) (93,99) (43,53) (9,10) (18,21) (37,45) (84,92) (28,31) (75,82) (28,34) (67,69) (61,73)
(23,28) (61,63) (55,59) (55,60) (22,25) (71,86) (66,79) (14,17) (18,23) (86,102) (24,27) (82,84) (62,73) (53,57) (66,80)
(45,58) (92,115) (11,13) (97,108) (27,33) (8,8) (49,57) (18,19) (93,120) (10,10) (52,58) (49,56) (65,67) (16,18) (79,86)
