# int__atai30_20_06  30 jobs  20 machines
30 20
19 12 14 10 15 7 11 17 1 5 8 0 18 2 3 4 9 13 6 16
10 5 11 8 16 6 19 15 0 13 1 17 3 7 18 4 2 14 9 12
15 19 10 5 6 7 3 9 1 16 17 11 14 12 4 18 2 8 13 0
13 9 14 18 1 11 19 2 3 4 10 5 12 17 6 8 16 0 15 7
3 2 10 8 1 4 5 15 12 11 13 7 0 16 17 9 6 19 14 18
19 11 6 9 7 18 13 14 15 0 16 8 12 3 10 1 5 17 2 4
15 10 5 9 19 0 8 18 12 13 6 4 17 14 7 2 1 16 3 11
19 5 14 3 4 12 15 13 6 18 7 9 11 1 16 10 17 0 2 8
12 5 19 10 8 11 0 17 4 6 13 9 16 3 2 14 7 15 1 18
9 15 12 5 3 13 19 8 16 4 18 17 7 2 6 0 10 1 14 11
1 19 18 10 6 2 15 14 7 17 11 13 5 12 16 4 0 9 3 8
11 19 2 17 14 7 15 4 5 0 1 8 3 10 13 16 12 6 9 18
6 5 3 11 13 14 9 12 8 0 19 1 2 18 4 7 15 17 10 16
2 6 4 12 17 16 0 10 7 3 5 18 1 8 9 19 15 11 14 13
9 5 1 7 11 0 8 12 2 19 10 6 4 15 13 18 14 16 3 17
14 11 5 10 4 3 1 13 7 15 2 17 0 19 18 8 9 6 16 12
2 12 5 13 17 4 14 7 6 11 19 0 16 10 15 3 9 18 1 8
5 4 2 15 10 3 14 7 19 0 11 17 8 12 16 9 1 13 6 18
4 9 13 5 8 6 7 17 0 12 1 3 16 15 19 10 2 11 18 14
14 3 16 10 6 2 5 0 13 12 9 7 8 19 18 1 17 15 11 4
17 13 16 15 5 4 3 11 0 7 10 2 12 14 1 8 19 18 9 6
2 9 17 4 7 5 0 18 19 13 11 1 8 15 16 12 10 6 14 3
12 4 18 1 19 5 14 8 0 10 15 6 17 2 11 16 3 13 9 7
13 6 11 5 17 16 19 10 0 4 3 1 9 18 2 14 7 8 15 12
14 9 13 11 2 5 6 17 8 4 12 0 15 1 18 19 3 7 16 10
9 18 6 8 1 4 16 7 12 10 13 17 5 2 0 11 19 15 14 3
2 19 15 8 14 3 4 1 6 11 17 12 13 5 9 16 18 7 10 0
19 1 17 6 13 2 12 8 0 9 11 3 10 4 15 7 16 18 5 14
17 14 6 5 18 16 13 0 19 9 2 7 10 8 4 1 12 15 3 11
19 7 8 0 4 3 18 9 5 2 12 11 13 17 15 6 14 10 1 16
(48,52) (87,101) (1,1) (36,43) (30,36) (67,80) (54,65) (62,71) (43,51) (63,72) (17,21) (71,82) (36,41) (61,72) (20,21) (67,83) (70,79) (49,59) (17,17) (26,31)
(57,60) (42,46) (89,107) (51,56) (92,112) (61,73) (34,39) (6,7) (53,61) (78,81) (3,3) (79,99) (92,114) (38,40) (37,39) (20,23) (51,58) (50,55) (36,40) (85,90)
(56,64) (90,99) (32,36) (36,44) (58,74) (49,54) (26,31) (28,34) (50,63) (19,21) (43,51) (16,16) (2,2) (23,25) (34,37) (18,19) (2,2) (74,80) (78,87) (45,49)
(33,41) (14,17) (66,83) (18,23) (43,53) (7,8) (2,2) (18,20) (15,16) (56,71) (77,84) (47,56) (49,49) (80,88) (62,72) (25,32) (4,5) (38,42) (59,76) (40,49)
(80,93) (61,68) (71,77) (45,50) (55,65) (89,107) (70,75) (90,92) (74,80) (91,113) (57,59) (57,65) (20,22) (83,102) (61,66) (48,51) (47,60) (83,85) (37,47) (43,53)
(54,66) (31,34) (33,35) (29,30) (40,41) (65,67) (29,36) (47,58) (17,19) (16,20) (15,15) (57,62) (46,53) (14,18) (20,22) (71,79) (82,104) (7,7) (40,48) (77,99)
(5,6) (75,83) (47,51) (56,66) (23,25) (44,46) (62,76) (55,57) (56,62) (71,85) (32,35) (79,89) (84,89) (43,48) (70,74) (40,41) (95,118) (54,71) (37,45) (24,28)
(57,66) (34,37) (63,72) (19,24) (12,15) (87,89) (94,118) (6,7) (67,85) (40,50) (49,54) (20,22) (77,91) (1,1) (42,47) (6,6) (36,44) (33,41) (70,79) (61,62)
(53,57) (57,64) (51,65) (72,84) (76,89) (71,86) (72,79) (91,114) (63,71) (2,2) (26,26) (53,56) (41,42) (28,31) (25,27) (66,69) (72,87) (57,70) (77,89) (5,6)
(62,73) (89,102) (84,94) (94,108) (89,117) (81,88) (84,104) (24,26) (10,10) (69,88) (39,42) (48,53) (5,5) (36,45) (82,102) (40,49) (86,110) (21,25) (33,38) (17,20)
(61,63) (62,75) (24,30) (73,87) (48,56) (70,76) (89,113) (68,79) (2,2) (17,20) (76,80) (80,94) (52,64) (37,43) (78,87) (92,100) (94,105) (29,36) (15,19) (43,50)
(51,56) (13,17) (76,81) (89,108) (31,38) (46,57) (90,102) (40,45) (6,7) (70,84) (66,72) (68,78) (96,96) (11,13) (38,46) (10,12) (15,16) (38,48) (95,101) (28,36)
(24,29) (76,97) (37,46) (43,51) (77,89) (38,48) (28,35) (38,40) (5,6) (46,52) (59,73) (47,55) (63,64) (78,95) (46,53) (74,82) (15,18) (52,60) (20,26) (24,30)
(51,58) (98,100) (43,49) (52,55) (87,106) (75,75) (26,30) (56,68) (29,35) (17,19) (3,3) (17,20) (14,14) (1,1) (58,64) (49,60) (75,94) (82,101) (9,9) (31,34)
(21,24) (10,10) (90,96) (52,67) (91,102) (94,108) (90,103) (8,8) (39,49) (57,63) (3,4) (55,65) (29,31) (37,45) (6,7) (64,68) (79,97) (81,90) (28,30) (93,97)
(71,80) (67,75) (28,32) (57,67) (9,10) (40,41) (77,96) (97,112) (52,65) (66,71) (84,92) (30,32) (40,48) (80,96) (44,52) (27,31) (47,53) (57,67) (65,70) (46,49)
(44,48) (43,51) (80,92) (8,9) (59,75) (2,2) (10,11) (3,3) (29,34) (9,11) (35,41) (29,32) (21,26) (94,110) (6,7) (41,46) (80,98) (73,78) (60,69) (95,116)
(91,103) (36,41) (32,37) (28,30) (29,32) (62,64) (89,100) (29,34) (88,101) (43,55) (34,42) (76,84) (45,57) (46,53) (46,53) (81,91) (43,50) (41,50) (30,37) (17,19)
(47,61) (85,104) (19,23) (88,99) (4,4) (44,53) (69,88) (22,26) (89,102) (1,1) (29,37) (70,84) (77,96) (62,76) (46,57) (24,29) (87,111) (6,7) (92,100) (42,47)
(59,63) (62,65) (89,106) (15,17) (19,24) (68,84) (63,76) (78,89) (20,26) (53,60) (96,102) (76,88) (36,38) (95,121) (91,116) (53,68) (70,84) (59,70) (36,37) (56,69)
(75,78) (52,60) (75,84) (36,39) (92,104) (64,76) (35,39) (36,40) (42,50) (85,104) (3,4) (21,24) (72,81) (64,80) (26,31) (3,3) (95,101) (75,87) (37,44) (30,33)
(77,91) (82,91) (65,72) (72,82) (90,116) (69,87) (74,82) (51,60) (69,80) (4,4) (67,77) (72,88) (60,68) (85,99) (37,46) (35,36) (87,101) (68,77) (55,63) (14,17)
(62,69) (8,10) (88,101) (54,59) (69,75) (2,2) (59,70) (48,54) (73,84) (84,107) (52,62) (22,24) (75,93) (71,75) (97,118) (33,39) (69,71) (27,33) (85,89) (44,56)
(74,80) (52,55) (74,82) (66,83) (42,44) (25,32) (63,65) (74,82) (74,90) (76,86) (38,44) (7,9) (69,85) (26,32) (53,61) (22,23) (54,64) (28,29) (55,65) (35,42)
(17,18) (42,49) (55,57) (84,85) (42,46) (71,79) (59,65) (53,56) (54,60) (30,38) (68,84) (11,12) (16,19) (28,34) (48,55) (69,86) (62,72) (42,49) (28,29) (70,77)
(73,80) (54,58) (74,91) (2,2) (6,7) (68,80) (18,24) (66,77) (29,30) (85,91) (55,57) (32,37) (85,99) (65,74) (23,29) (30,38) (54,57) (5,6) (18,22) (80,91)
(62,70) (36,40) (19,20) (89,111) (62,69) (80,82) (25,30) (2,2) (50,61) (71,89) (16,19) (28,34) (57,62) (16,19) (6,7) (87,106) (78,98) (42,44) (95,108) (25,27)
(78,95) (77,95) (58,61) (91,107) (52,66) (23,29) (83,94) (60,66) (57,63) (83,104) (12,14) (31,38) (89,107) (32,39) (14,15) (48,57) (70,88) (23,29) (96,116) (76,76)
(60,67) (6,7) (85,95) (72,81) (65,73) (43,49) (61,68) (12,14) (79,94) (59,63) (25,28) (22,25) (73,90) (89,95) (97,105) (73,82) (76,85) (46,57) (66,80) (54,67)
(74,78) (6,7) (61,70) (21,24) (81,89) (44,52) (27,33) (93,105) (15,18) (7,7) (33,41) (3,3) (90,105) (12,14) (34,43) (84,106) (9,9) (90,109) (86,97) (50,59)
