# int__atai30_20_10  30 jobs  20 machines
30 20
2 8 6 0 4 15 16 13 5 12 10 7 14 19 1 3 18 17 9 11
0 10 13 3 2 7 1 16 9 17 18 15 11 8 19 5 4 12 14 6
0 19 11 9 15 3 13 18 1 5 7 6 10 4 14 8 12 2 16 17
7 19 10 11 9 14 6 12 16 13 5 15 4 3 17 8 1 18 2 0
0 6 11 1 3 16 19 12 10 7 5 2 15 4 18 14 9 8 13 17
17 8 19 16 0 12 13 14 3 2 1 10 7 9 15 4 6 11 18 5
18 1 9 11 17 0 2 6 16 10 4 14 19 12 15 7 3 5 8 13
14 9 11 8 2 16 4 1 19 6 0 7 15 18 12 17 13 3 5 10
3 14 9 0 11 10 4 12 5 16 2 1 13 7 17 19 6 18 8 15
13 7 9 0 3 8 11 4 5 14 15 6 2 17 1 10 19 18 16 12
4 17 2 8 11 19 18 13 12 3 1 10 5 15 14 9 16 6 7 0
6 0 12 18 1 14 19 16 10 8 17 11 2 13 7 4 5 15 3 9
2 7 13 0 19 4 9 11 16 3 5 6 14 18 12 15 10 1 17 8
14 3 6 7 8 12 15 5 16 4 0 17 1 18 2 19 10 11 9 13
18 11 2 3 5 4 15 13 19 6 1 14 0 12 8 9 16 7 10 17
10 13 16 8 17 11 7 5 14 15 6 3 0 19 18 2 4 12 1 9
2 10 19 7 18 4 6 5 0 11 13 1 9 12 8 16 14 3 15 17
1 13 11 2 3 18 17 9 16 6 12 15 0 4 7 14 8 5 10 19
18 10 12 16 1 11 8 19 9 17 5 2 13 14 7 6 15 0 3 4
7 8 14 11 10 13 6 16 19 2 18 3 5 4 1 12 15 0 9 17
11 6 17 8 4 12 1 0 19 9 16 18 2 3 10 15 14 7 5 13
16 19 4 5 3 18 15 8 13 0 10 14 11 1 12 2 9 6 17 7
3 4 2 9 7 16 0 5 13 11 8 14 18 10 17 6 12 15 1 19
7 2 14 5 6 9 10 15 3 16 18 12 11 17 0 8 4 13 19 1
17 11 18 7 12 4 10 3 8 13 2 9 15 19 6 1 16 14 5 0
1 4 10 7 0 9 14 5 2 18 6 3 19 16 11 12 15 17 13 8
10 14 12 6 18 2 13 8 9 19 11 15 17 7 0 5 16 3 1 4
14 13 1 5 17 2 4 18 3 12 19 0 10 9 11 8 7 15 16 6
5 11 16 12 15 10 0 2 14 4 8 1 18 9 17 7 19 6 3 13
19 14 4 8 0 1 15 9 3 12 6 13 17 7 11 16 5 2 18 10
(92,115) (25,30) (31,35) (19,20) (43,48) (16,21) (25,29) (65,75) (81,84) (55,65) (80,102) (63,70) (71,76) (23,26) (84,86) (45,53) (86,104) (93,101) (40,46) (77,95)
(67,73) (44,52) (89,111) (60,62) (24,30) (63,76) (94,113) (33,39) (45,50) (50,53) (59,66) (10,11) (64,75) (50,62) (47,54) (4,5) (94,95) (38,40) (89,102) (82,90)
(46,54) (59,62) (14,16) (24,31) (20,25) (99,110) (55,69) (32,36) (31,37) (34,39) (71,84) (70,81) (88,97) (29,35) (33,38) (49,54) (21,23) (35,36) (1,1) (29,35)
(49,54) (80,95) (71,74) (34,37) (82,103) (40,42) (31,32) (59,76) (82,90) (66,73) (37,41) (46,56) (97,99) (98,112) (46,50) (76,80) (31,32) (49,60) (43,53) (40,50)
(88,105) (26,33) (29,37) (66,74) (25,26) (94,109) (66,71) (46,53) (46,52) (15,19) (89,111) (23,28) (5,5) (3,4) (10,11) (35,45) (71,78) (27,28) (24,26) (84,91)
(30,39) (73,76) (29,31) (58,61) (59,75) (21,22) (2,2) (65,75) (21,24) (35,42) (79,93) (59,75) (55,58) (81,104) (95,114) (25,30) (66,69) (78,83) (65,81) (49,54)
(88,99) (9,9) (27,32) (37,47) (34,42) (18,22) (4,5) (45,55) (82,92) (69,88) (58,67) (23,27) (61,75) (74,86) (70,72) (2,2) (61,70) (23,30) (57,63) (96,106)
(91,114) (77,97) (77,87) (90,111) (62,77) (78,90) (10,12) (2,2) (66,78) (94,112) (68,81) (13,13) (41,52) (52,58) (74,95) (32,34) (73,85) (51,53) (94,111) (15,17)
(30,38) (77,97) (76,84) (56,69) (82,92) (92,97) (59,67) (45,54) (4,5) (81,100) (41,46) (13,15) (4,5) (39,43) (38,40) (47,52) (86,92) (80,99) (4,4) (85,106)
(3,4) (53,60) (31,39) (91,104) (59,75) (16,18) (64,70) (22,26) (10,11) (43,51) (48,55) (2,2) (52,65) (25,27) (40,50) (55,60) (22,24) (15,17) (76,94) (12,14)
(67,83) (52,66) (72,87) (28,32) (28,34) (95,117) (16,21) (4,5) (10,12) (71,76) (26,27) (3,3) (50,54) (75,92) (29,37) (58,62) (73,77) (80,101) (61,78) (58,65)
(95,110) (6,6) (65,74) (51,62) (58,69) (90,100) (51,53) (65,74) (79,81) (51,51) (82,98) (73,78) (12,14) (23,27) (41,48) (98,108) (25,31) (49,61) (22,27) (25,31)
(87,92) (33,36) (75,89) (7,8) (67,78) (10,12) (41,45) (41,47) (18,20) (39,46) (34,36) (13,14) (29,33) (28,32) (31,40) (94,98) (87,109) (69,85) (73,93) (76,92)
(31,38) (62,73) (20,22) (70,73) (77,83) (86,97) (4,5) (70,88) (26,31) (11,11) (39,44) (92,110) (31,35) (74,78) (17,21) (36,46) (27,31) (45,57) (95,104) (63,69)
(10,10) (35,39) (94,108) (28,31) (82,99) (88,95) (12,12) (72,74) (80,87) (89,108) (33,42) (40,42) (63,67) (29,29) (87,89) (15,16) (4,5) (37,46) (21,22) (84,86)
(40,45) (37,47) (68,88) (64,66) (85,101) (30,35) (56,59) (71,75) (23,24) (10,11) (78,97) (70,81) (16,20) (25,30) (6,6) (75,83) (65,85) (64,72) (66,73) (56,61)
(45,52) (77,83) (34,43) (13,15) (3,3) (56,64) (78,80) (51,62) (11,11) (43,49) (38,47) (84,100) (24,30) (60,74) (32,33) (13,14) (22,27) (93,103) (88,95) (87,102)
(62,78) (70,75) (9,11) (88,105) (15,18) (32,36) (6,7) (95,114) (51,52) (85,95) (47,51) (71,89) (82,89) (1,1) (10,11) (39,47) (3,3) (88,111) (13,15) (21,25)
(44,52) (40,41) (14,15) (69,73) (44,52) (96,119) (90,98) (18,21) (39,46) (2,2) (45,50) (69,71) (45,48) (68,87) (92,101) (67,82) (89,109) (32,39) (9,9) (83,86)
(13,16) (82,102) (31,34) (29,32) (68,74) (60,75) (40,45) (41,49) (89,105) (83,92) (35,38) (57,69) (66,79) (69,85) (20,26) (21,27) (41,45) (84,109) (90,92) (89,94)
(19,19) (48,52) (8,10) (89,96) (72,83) (95,109) (17,21) (38,40) (29,32) (59,73) (19,20) (72,88) (2,2) (75,85) (63,75) (28,33) (23,28) (14,16) (89,113) (87,105)
(92,105) (92,114) (33,36) (10,12) (67,78) (90,100) (59,72) (81,102) (26,29) (86,98) (28,29) (93,101) (30,33) (47,52) (43,53) (83,102) (1,1) (58,64) (77,89) (46,55)
(40,44) (14,16) (52,55) (93,101) (63,71) (63,79) (74,86) (62,68) (64,83) (48,59) (61,77) (77,94) (8,9) (7,7) (22,23) (41,52) (52,62) (21,27) (90,95) (88,92)
(13,16) (2,2) (8,10) (22,23) (90,98) (58,74) (15,18) (9,9) (10,11) (78,91) (85,92) (60,75) (67,83) (62,73) (90,96) (26,32) (29,36) (6,7) (83,102) (26,28)
(10,10) (37,49) (56,59) (23,26) (43,47) (92,98) (86,92) (98,122) (77,81) (46,49) (36,39) (15,15) (40,50) (25,28) (46,54) (52,53) (74,89) (63,74) (4,5) (57,64)
(45,52) (75,86) (10,10) (12,16) (31,38) (63,69) (68,79) (64,75) (39,40) (13,13) (48,56) (96,120) (41,51) (95,115) (57,66) (57,61) (61,68) (40,47) (54,59) (30,38)
(85,105) (2,2) (34,40) (19,21) (85,92) (86,109) (84,98) (40,48) (50,58) (65,74) (74,91) (60,72) (26,28) (27,31) (5,6) (70,78) (54,65) (46,56) (55,69) (64,70)
(96,102) (43,52) (32,38) (19,24) (74,82) (30,33) (4,5) (87,107) (19,20) (84,88) (79,93) (29,30) (71,83) (75,79) (52,61) (36,42) (91,115) (11,13) (11,12) (2,2)
(47,53) (33,35) (24,29) (26,29) (52,62) (95,106) (26,30) (23,27) (35,43) (17,20) (65,70) (93,121) (5,6) (13,16) (69,77) (31,34) (26,32) (6,7) (46,52) (55,61)
(22,25) (87,97) (87,90) (39,47) (70,80) (34,41) (95,102) (61,77) (56,70) (51,64) (17,21) (90,99) (60,68) (33,35) (87,97) (21,26) (92,101) (56,65) (79,88) (89,91)
