# int__atai30_20_03  30 jobs  20 machines
30 20
3 17 14 10 5 12 18 8 15 4 1 7 9 6 16 0 13 2 11 19
8 7 12 14 1 4 17 19 9 15 0 3 2 6 11 16 10 5 18 13
18 14 1 11 0 6 12 4 15 5 13 17 9 16 8 2 19 3 7 10
15 1 4 11 3 2 17 10 14 13 16 7 18 0 12 5 8 9 6 19
5 10 15 13 16 19 18 2 4 7 8 17 11 9 14 6 3 0 12 1
9 16 1 5 6 11 13 14 2 0 4 17 15 19 10 18 8 3 7 12
2 6 7 14 4 12 15 16 13 5 1 10 0 17 9 18 3 19 8 11
8 14 13 16 10 7 2 19 0 6 5 12 4 11 1 3 18 17 9 15
3 0 14 4 15 6 8 5 17 9 13 16 1 2 12 10 18 19 7 11
1 19 0 7 2 6 10 4 17 5 12 13 14 15 18 16 3 8 9 11
9 0 1 13 3 16 14 2 5 12 7 8 19 4 18 10 11 6 15 17
1 14 4 11 2 7 3 12 16 9 13 17 18 0 10 15 5 8 6 19
0 9 10 4 2 3 7 12 11 17 14 15 13 6 8 19 18 1 16 5
17 11 5 3 14 7 1 15 10 12 13 16 2 18 19 0 9 8 4 6
3 19 4 10 2 1 11 15 0 5 14 17 8 13 12 6 7 9 18 16
9 0 6 14 3 11 8 10 2 13 15 19 4 18 17 12 1 5 7 16
17 12 18 6 14 16 13 2 9 19 7 3 8 11 0 4 1 5 15 10
3 15 0 2 4 6 9 10 14 16 11 5 17 13 18 19 8 1 12 7
0 6 17 4 1 2 18 12 11 16 10 15 3 13 8 14 19 7 9 5
6 19 3 13 18 4 7 1 9 16 8 17 10 14 2 15 11 12 5 0
8 18 7 14 0 11 4 9 13 5 3 12 17 16 2 15 19 6 10 1
15 0 8 9 13 5 3 16 10 17 1 7 14 4 18 2 12 6 19 11
14 17 19 5 16 6 4 10 15 18 12 13 8 2 7 9 1 0 11 3
19 13 2 17 9 1 4 0 3 11 10 8 18 14 16 12 15 7 5 6
6 14 15 7 4 16 11 0 1 10 17 19 13 18 3 12 8 5 2 9
8 6 4 7 15 10 18 3 13 19 14 5 0 2 11 16 17 12 9 1
4 0 5 8 9 18 14 15 10 12 13 7 11 3 16 2 6 1 19 17
18 7 3 9 14 6 0 15 8 19 11 12 13 5 10 4 1 16 2 17
3 15 11 9 16 5 12 19 13 0 17 2 8 1 6 14 18 4 7 10
7 18 16 10 4 3 11 0 17 14 2 5 9 6 19 15 13 12 8 1
(82,89) (5,5) (21,24) (65,80) (87,91) (87,110) (21,24) (85,95) (80,87) (68,72) (25,30) (10,12) (55,60) (64,78) (19,22) (33,35) (12,13) (34,42) (61,72) (39,42)
(87,103) (77,98) (36,42) (76,83) (64,68) (6,6) (21,23) (88,110) (49,54) (91,101) (51,56) (33,40) (81,86) (50,59) (88,94) (55,61) (95,109) (72,91) (21,26) (58,60)
(58,71) (22,25) (10,12) (1,1) (74,80) (1,1) (35,42) (14,17) (37,45) (27,30) (28,30) (8,9) (63,77) (45,53) (5,6) (87,102) (17,21) (11,12) (37,45) (67,77)
(20,23) (38,46) (2,2) (32,32) (43,52) (83,90) (29,35) (67,74) (64,78) (57,58) (13,14) (71,81) (71,77) (41,44) (35,43) (32,35) (69,81) (31,33) (89,101) (16,19)
(81,92) (69,73) (53,59) (27,29) (70,76) (12,14) (17,21) (41,42) (76,87) (68,73) (25,27) (96,111) (23,28) (63,73) (52,56) (84,106) (90,100) (27,29) (21,22) (93,104)
(5,6) (28,35) (70,87) (66,71) (49,57) (68,84) (23,27) (85,95) (21,25) (87,90) (82,101) (14,17) (59,61) (12,13) (97,98) (56,66) (59,70) (60,69) (19,19) (3,4)
(42,52) (4,5) (32,39) (4,5) (95,107) (33,40) (20,23) (2,2) (33,40) (75,86) (61,77) (39,42) (87,92) (88,95) (87,112) (41,47) (16,17) (70,85) (73,80) (55,69)
(74,87) (62,67) (26,30) (47,49) (9,10) (26,32) (54,55) (92,101) (15,15) (81,104) (38,46) (85,98) (65,75) (52,67) (67,78) (29,37) (7,8) (50,56) (2,2) (30,35)
(53,65) (85,104) (10,10) (5,5) (46,56) (75,84) (86,102) (8,9) (67,74) (68,74) (57,57) (83,98) (57,59) (72,77) (92,99) (74,79) (53,65) (42,46) (28,33) (6,7)
(42,52) (69,82) (68,73) (76,86) (18,21) (11,13) (56,68) (71,88) (68,84) (21,23) (7,9) (52,66) (96,104) (68,86) (86,91) (89,101) (21,24) (44,57) (77,96) (55,65)
(74,83) (16,19) (76,97) (1,1) (70,86) (86,91) (40,46) (80,89) (83,100) (8,9) (38,42) (88,103) (65,81) (82,86) (43,48) (49,61) (93,99) (22,24) (81,93) (15,15)
(6,6) (40,49) (5,5) (85,105) (45,56) (72,85) (47,54) (6,7) (1,1) (48,59) (86,106) (65,72) (10,12) (85,102) (45,50) (33,34) (45,56) (70,89) (48,59) (11,14)
(54,65) (72,77) (51,64) (33,36) (72,87) (80,96) (71,86) (15,15) (28,34) (51,60) (49,59) (15,16) (77,96) (87,90) (11,14) (50,64) (46,52) (84,90) (18,22) (45,49)
(66,72) (36,36) (33,35) (11,11) (62,72) (30,31) (29,33) (57,66) (84,104) (57,64) (75,93) (78,85) (6,6) (87,94) (42,43) (63,72) (91,104) (79,99) (37,48) (16,19)
(57,65) (46,57) (94,101) (65,75) (3,4) (84,86) (35,40) (24,29) (2,2) (35,43) (72,77) (2,2) (24,31) (71,75) (45,49) (41,44) (59,77) (27,30) (74,91) (79,88)
(5,5) (88,99) (78,83) (40,47) (4,4) (78,94) (70,87) (69,78) (60,73) (64,81) (73,91) (2,2) (57,62) (76,79) (12,13) (1,1) (82,101) (10,12) (82,100) (47,53)
(75,81) (60,68) (15,19) (14,17) (41,50) (34,39) (26,28) (3,3) (83,101) (7,8) (12,13) (62,64) (89,109) (20,25) (34,43) (72,89) (50,58) (24,28) (98,119) (82,92)
(38,44) (62,78) (20,25) (32,37) (63,74) (26,33) (81,90) (32,33) (28,34) (93,106) (1,1) (63,79) (81,93) (58,68) (73,85) (50,57) (48,54) (96,117) (23,28) (55,62)
(87,98) (92,106) (11,11) (89,100) (27,32) (63,73) (19,22) (50,52) (34,39) (74,77) (25,27) (10,10) (70,86) (71,82) (35,38) (47,51) (12,13) (35,40) (23,29) (10,10)
(91,108) (54,66) (27,31) (57,66) (20,24) (57,73) (46,57) (6,7) (16,19) (88,94) (6,7) (47,58) (30,32) (81,92) (3,3) (4,4) (30,34) (24,27) (8,9) (27,32)
(67,74) (11,13) (99,111) (3,3) (76,86) (1,1) (39,43) (64,75) (18,23) (16,17) (11,11) (25,30) (10,10) (53,55) (2,2) (67,76) (90,104) (39,47) (1,1) (88,111)
(10,10) (23,26) (55,63) (70,72) (96,116) (82,87) (57,64) (17,20) (11,13) (89,91) (7,8) (84,100) (74,90) (93,104) (71,93) (11,11) (8,9) (6,7) (44,52) (76,96)
(68,79) (55,61) (14,17) (35,43) (27,28) (26,31) (63,72) (38,43) (93,100) (54,67) (72,88) (22,28) (68,76) (18,22) (87,99) (45,51) (34,41) (39,42) (23,24) (57,74)
(27,33) (20,20) (42,53) (78,91) (62,70) (65,73) (43,54) (51,55) (40,46) (88,94) (88,93) (27,31) (6,6) (72,91) (6,6) (92,112) (49,54) (71,90) (57,71) (30,38)
(89,106) (52,68) (40,42) (19,25) (49,60) (42,51) (66,75) (6,7) (80,86) (5,6) (10,10) (60,72) (78,82) (38,45) (21,25) (48,50) (23,27) (65,67) (45,54) (87,106)
(41,45) (4,5) (33,37) (65,76) (57,70) (71,76) (56,59) (80,91) (60,73) (80,99) (56,68) (23,24) (31,38) (57,60) (18,19) (71,84) (58,62) (38,40) (69,77) (48,57)
(52,60) (6,7) (76,92) (81,95) (3,3) (41,47) (28,29) (60,71) (42,49) (34,42) (67,81) (8,8) (34,42) (69,77) (77,93) (91,96) (1,1) (92,101) (94,99) (71,90)
(90,111) (93,99) (52,59) (17,20) (11,13) (40,44) (54,57) (15,17) (83,106) (78,90) (61,77) (75,93) (28,30) (8,10) (76,92) (79,84) (1,1) (68,77) (83,104) (56,71)
(78,101) (30,31) (12,14) (76,90) (79,102) (32,41) (38,47) (75,79) (33,34) (11,12) (87,103) (54,66) (26,29) (89,96) (71,80) (12,12) (27,29) (55,71) (97,118) (47,55)
(36,43) (17,18) (3,4) (55,68) (69,78) (82,85) (9,9) (29,34) (17,17) (98,102) (94,116) (92,115) (10,11) (25,32) (35,38) (31,35) (14,16) (35,40) (34,40) (8,8)
