# int__atai20_20_10  20 jobs  20 machines
20 20
18 15 6 8 14 12 19 11 7 4 9 16 10 13 3 5 2 0 1 17
18 13 8 3 1 19 14 16 0 2 9 10 11 4 5 12 6 7 15 17
10 7 4 17 14 0 8 1 16 5 3 13 2 15 6 18 19 12 11 9
2 19 5 16 11 15 13 4 0 8 17 6 18 10 9 3 1 7 12 14
12 15 2 3 11 7 10 17 9 16 0 13 4 14 1 19 8 6 5 18
6 12 13 8 14 0 5 11 7 2 19 3 1 18 4 15 10 16 9 17
11 15 17 7 18 9 12 4 16 1 2 10 8 5 0 3 14 6 13 19
18 17 0 7 4 12 1 10 2 15 13 14 19 5 6 3 9 8 11 16
15 11 12 7 1 0 14 9 18 8 13 5 16 3 19 4 10 6 17 2
7 18 4 19 12 9 13 5 2 15 10 14 0 16 1 6 8 17 11 3
17 13 18 14 19 1 6 11 12 4 15 0 16 3 10 8 2 9 7 5
10 14 12 9 2 0 19 5 4 13 7 11 3 15 18 16 1 6 17 8
7 19 1 10 11 14 8 9 4 5 12 15 17 13 3 6 2 18 0 16
17 11 13 1 2 4 7 0 10 8 3 19 14 6 9 5 18 16 12 15
11 3 5 19 10 1 17 7 6 13 2 18 0 15 12 8 14 16 9 4
12 8 16 0 18 13 7 19 4 9 17 5 11 14 10 3 6 15 1 2
9 5 19 7 11 12 16 14 13 0 8 4 10 18 1 6 3 17 15 2
19 4 6 1 14 2 0 18 7 10 3 12 15 9 13 5 8 17 16 11
19 3 15 4 7 12 13 16 18 14 17 5 8 0 2 11 6 10 9 1
11 17 13 4 3 15 18 12 0 10 5 19 9 2 7 14 6 8 1 16
(81,95) (9,9) (34,36) (61,66) (11,13) (59,62) (42,52) (50,64) (76,84) (35,41) (15,18) (41,46) (8,8) (5,5) (35,42) (54,57) (45,50) (50,58) (85,91) (83,87)
(59,69) (53,62) (58,68) (74,81) (72,91) (12,12) (8,10) (15,19) (12,12) (61,63) (30,37) (60,68) (95,105) (52,60) (1,1) (3,3) (97,124) (62,71) (63,65) (31,36)
(85,95) (53,64) (57,61) (12,14) (34,35) (26,32) (2,2) (83,88) (82,88) (21,24) (58,62) (69,85) (53,58) (75,81) (15,17) (20,22) (31,38) (42,52) (17,20) (36,44)
(3,3) (12,14) (65,74) (13,15) (61,72) (86,105) (67,75) (21,21) (20,23) (84,92) (7,7) (88,107) (8,9) (56,63) (90,98) (56,62) (91,96) (53,57) (55,63) (84,91)
(28,31) (73,91) (86,95) (18,21) (38,46) (74,88) (17,22) (14,18) (95,98) (11,13) (24,25) (4,5) (12,13) (17,20) (34,40) (34,42) (60,73) (89,95) (47,48) (21,22)
(10,11) (14,15) (86,91) (72,83) (64,79) (87,92) (67,74) (8,9) (7,7) (47,53) (12,14) (77,97) (73,87) (80,87) (30,37) (22,23) (99,113) (64,70) (78,87) (65,72)
(96,118) (63,72) (11,11) (69,84) (1,1) (62,76) (67,86) (33,40) (72,92) (75,86) (84,104) (85,97) (9,11) (18,22) (50,52) (26,28) (48,52) (31,37) (43,51) (74,87)
(18,22) (61,69) (91,111) (4,5) (79,86) (5,5) (70,90) (30,31) (2,2) (15,18) (37,39) (89,100) (15,17) (17,18) (59,65) (68,80) (17,21) (21,26) (17,19) (20,22)
(60,73) (65,81) (59,70) (68,84) (57,62) (78,99) (82,85) (2,2) (92,100) (74,95) (71,80) (88,96) (71,75) (94,103) (41,44) (9,11) (44,54) (20,20) (77,91) (32,40)
(59,72) (88,93) (36,43) (86,94) (14,18) (19,20) (61,71) (79,102) (82,104) (58,61) (90,96) (89,104) (82,90) (46,58) (13,14) (28,34) (28,32) (44,52) (82,104) (59,69)
(7,7) (85,103) (79,87) (64,75) (82,92) (68,79) (91,96) (61,73) (46,49) (48,52) (49,62) (53,66) (3,3) (18,21) (77,90) (32,39) (41,51) (93,111) (53,53) (44,55)
(19,24) (48,57) (69,78) (88,105) (24,31) (23,25) (42,48) (4,4) (25,32) (61,75) (42,46) (74,83) (9,10) (59,75) (19,21) (68,72) (9,11) (57,71) (5,6) (51,67)
(44,56) (73,75) (48,60) (56,61) (92,108) (86,112) (95,118) (42,47) (35,43) (72,76) (83,86) (32,34) (43,44) (57,61) (47,50) (40,48) (78,95) (81,87) (25,29) (28,34)
(64,77) (44,53) (9,11) (39,42) (81,86) (97,98) (7,8) (2,2) (67,72) (9,9) (17,21) (81,101) (79,95) (45,52) (26,28) (29,34) (86,102) (73,90) (43,45) (98,109)
(16,20) (61,71) (3,3) (29,30) (15,16) (39,47) (59,69) (94,112) (72,85) (66,81) (86,91) (89,97) (90,111) (14,19) (29,30) (46,50) (50,57) (29,35) (9,10) (96,99)
(5,6) (70,73) (53,55) (78,82) (25,27) (36,38) (33,41) (55,62) (60,64) (30,36) (2,2) (22,26) (58,64) (12,13) (84,105) (37,45) (92,101) (63,76) (84,100) (61,65)
(3,3) (95,119) (78,97) (93,96) (80,102) (17,20) (1,1) (1,1) (32,33) (35,44) (29,35) (59,73) (86,102) (20,23) (97,104) (3,3) (65,80) (72,78) (78,88) (64,73)
(49,63) (74,82) (78,90) (62,64) (50,54) (23,24) (35,43) (22,23) (57,66) (13,16) (26,27) (67,74) (82,103) (16,17) (27,34) (27,34) (53,57) (73,78) (82,99) (45,58)
(71,76) (34,38) (66,75) (37,38) (25,28) (46,49) (28,35) (23,24) (59,73) (94,108) (53,59) (96,99) (19,21) (96,120) (61,70) (46,57) (24,27) (51,65) (11,12) (4,4)
(15,18) (89,103) (40,46) (60,63) (86,108) (65,75) (74,79) (88,89) (63,74) (17,20) (23,26) (67,81) (10,11) (87,89) (90,112) (56,70) (50,64) (25,30) (32,33) (3,3)
