# int__atai30_15_03  30 jobs  15 machines
30 15
10 11 9 8 1 7 6 2 5 13 4 14 0 12 3
12 8 14 3 1 7 13 6 10 5 4 2 9 11 0
12 0 3 13 14 10 2 6 9 1 11 4 5 7 8
14 3 7 2 6 5 10 8 11 1 0 9 13 12 4
6 5 7 4 9 3 13 10 1 0 14 11 8 12 2
7 11 12 9 8 2 3 5 4 1 10 0 6 13 14
11 12 1 7 14 6 3 5 8 9 13 4 10 0 2
3 9 11 14 2 13 12 10 6 7 0 1 4 5 8
9 2 3 13 10 14 12 1 7 0 6 8 11 4 5
0 7 3 14 4 8 13 2 1 9 12 5 6 10 11
2 12 0 4 14 10 8 13 7 3 6 9 5 1 11
5 2 8 6 4 12 9 1 10 0 14 7 13 11 3
14 5 0 3 7 1 4 8 2 12 11 13 9 10 6
5 2 14 6 12 4 10 9 3 8 13 7 1 0 11
4 9 0 6 1 10 13 3 2 12 5 11 7 8 14
2 5 12 4 1 7 6 14 3 8 13 10 9 0 11
6 10 1 8 12 2 11 9 14 5 0 7 13 3 4
2 0 4 10 3 5 7 12 14 13 11 9 8 1 6
5 6 8 0 10 11 13 14 7 2 12 1 4 9 3
13 8 11 7 9 10 3 14 4 12 1 6 2 5 0
1 6 14 3 12 10 7 13 5 0 4 11 9 2 8
7 11 0 10 1 2 5 4 3 9 14 8 6 12 13
6 7 12 13 11 3 8 1 10 9 0 5 2 14 4
4 6 1 10 12 9 14 7 11 0 5 3 13 8 2
7 2 10 9 5 3 1 13 11 8 4 14 12 6 0
3 4 12 0 7 11 10 2 13 5 8 6 14 9 1
11 12 0 13 6 2 1 9 5 7 3 10 4 14 8
0 9 8 12 3 14 10 7 2 1 6 11 4 5 13
4 2 7 11 6 3 1 10 8 9 13 0 12 14 5
14 6 2 8 10 4 11 13 12 7 3 5 1 0 9
(34,43) (31,38) (39,49) (46,55) (83,101) (53,63) (75,81) (26,29) (86,91) (69,75) (90,115) (14,17) (94,116) (91,105) (31,38)
(7,8) (42,45) (82,103) (76,84) (44,48) (63,77) (47,55) (71,81) (24,24) (66,81) (5,6) (34,40) (13,15) (53,64) (73,85)
(59,73) (7,8) (81,92) (55,60) (94,104) (68,87) (59,61) (94,121) (3,4) (58,73) (12,14) (42,53) (7,9) (27,31) (3,3)
(16,18) (3,3) (92,110) (26,33) (93,113) (89,115) (19,23) (9,9) (67,77) (19,23) (89,103) (26,32) (75,86) (1,1) (4,5)
(68,74) (51,55) (35,41) (63,78) (16,20) (35,37) (26,28) (36,45) (77,90) (89,93) (22,29) (57,60) (49,56) (50,61) (19,20)
(46,56) (87,109) (66,70) (6,7) (62,69) (25,30) (27,34) (66,78) (62,73) (51,64) (50,60) (63,75) (96,102) (15,17) (76,82)
(48,55) (65,72) (25,31) (72,74) (59,61) (15,18) (67,81) (26,30) (69,72) (48,58) (79,95) (52,55) (97,113) (81,83) (42,51)
(34,39) (27,31) (88,104) (56,68) (83,92) (17,20) (5,6) (72,86) (42,51) (28,31) (78,102) (33,37) (28,32) (93,106) (72,75)
(83,99) (92,107) (83,106) (59,76) (18,22) (68,86) (65,70) (65,75) (14,15) (60,73) (46,53) (50,55) (87,110) (2,2) (97,99)
(27,32) (92,94) (6,6) (63,81) (76,96) (69,75) (34,42) (56,67) (68,77) (75,84) (82,87) (46,58) (20,23) (65,73) (64,70)
(19,21) (60,77) (35,43) (68,71) (18,22) (60,74) (89,108) (76,80) (83,106) (39,40) (89,114) (15,18) (5,5) (75,94) (44,53)
(70,76) (57,72) (95,106) (69,73) (27,32) (52,55) (81,93) (60,73) (7,7) (5,6) (12,13) (87,90) (92,93) (79,90) (70,78)
(87,95) (78,80) (47,54) (65,79) (82,96) (83,88) (3,4) (48,55) (81,102) (94,115) (44,54) (55,65) (72,92) (11,12) (21,24)
(54,65) (49,52) (89,114) (11,11) (5,5) (31,36) (19,19) (93,106) (7,8) (79,100) (94,117) (17,21) (22,27) (43,51) (84,93)
(90,98) (17,22) (24,31) (67,85) (64,68) (40,45) (85,98) (19,20) (87,106) (75,85) (35,39) (50,53) (46,57) (70,88) (16,17)
(35,42) (17,19) (36,42) (32,38) (62,77) (79,93) (85,99) (39,40) (37,44) (63,67) (41,46) (74,83) (33,39) (85,88) (48,60)
(80,102) (76,85) (62,78) (14,18) (71,85) (1,1) (57,67) (26,32) (66,76) (79,99) (17,21) (34,38) (51,64) (33,37) (93,114)
(63,78) (46,50) (80,101) (1,1) (11,14) (19,24) (27,34) (92,103) (41,42) (83,103) (12,15) (36,42) (53,62) (66,69) (41,51)
(75,88) (13,15) (53,67) (15,18) (71,90) (19,24) (69,79) (43,49) (38,46) (60,74) (71,84) (92,113) (33,39) (61,64) (64,70)
(67,76) (15,18) (96,117) (83,93) (79,84) (52,53) (49,49) (70,74) (93,104) (62,69) (69,74) (74,88) (70,87) (80,90) (73,78)
(61,71) (81,105) (57,67) (36,43) (60,65) (67,84) (10,10) (49,60) (33,39) (27,31) (18,19) (96,101) (21,24) (15,19) (23,27)
(60,73) (17,21) (88,102) (84,100) (49,59) (78,94) (16,19) (29,33) (78,94) (49,62) (52,58) (76,80) (67,78) (76,78) (65,77)
(55,62) (38,46) (31,36) (36,41) (37,40) (12,15) (11,13) (35,42) (82,98) (86,98) (85,95) (31,33) (64,81) (98,98) (76,81)
(32,33) (54,69) (21,22) (94,118) (54,62) (20,25) (46,57) (8,10) (66,75) (48,49) (82,102) (88,97) (24,31) (24,26) (13,16)
(52,61) (1,1) (88,112) (64,68) (10,12) (89,103) (90,95) (47,57) (39,41) (52,56) (48,57) (25,28) (74,76) (83,102) (2,2)
(13,15) (66,67) (81,103) (30,35) (59,73) (62,77) (24,29) (48,52) (21,22) (32,40) (52,59) (8,9) (37,38) (7,7) (66,73)
(65,75) (10,11) (54,60) (30,34) (26,32) (17,20) (4,5) (95,120) (54,57) (43,50) (26,29) (76,86) (94,114) (62,67) (59,75)
(9,9) (23,29) (22,26) (39,44) (46,47) (73,73) (71,78) (68,81) (66,67) (19,21) (3,3) (93,106) (98,111) (83,100) (51,51)
(52,64) (18,22) (69,84) (37,47) (17,19) (82,86) (68,88) (76,86) (44,50) (24,30) (28,34) (56,70) (90,102) (39,46) (75,86)
(16,20) (77,96) (51,59) (95,103) (8,8) (19,24) (2,2) (64,72) (59,65) (75,96) (88,112) (35,38) (53,57) (92,112) (77,82)
