# int__atai20_15_05  20 jobs  15 machines
20 15
7 12 6 3 8 5 0 9 1 10 2 4 13 14 11
8 3 12 5 6 9 1 14 4 2 11 0 10 13 7
1 0 8 4 11 14 12 6 13 9 2 5 7 10 3
11 13 10 0 4 7 14 5 3 2 9 1 12 8 6
14 6 2 10 11 5 12 9 3 1 13 4 0 7 8
7 5 12 13 9 11 1 4 3 6 2 8 0 14 10
14 13 8 9 1 0 11 4 2 3 10 6 7 12 5
7 13 4 11 0 10 5 2 6 1 8 12 3 9 14
5 11 4 1 12 14 13 7 8 6 9 2 0 3 10
9 4 3 8 14 5 6 13 11 10 12 7 1 2 0
11 13 6 5 10 3 12 8 2 4 9 1 0 14 7
11 1 4 7 12 3 5 10 14 2 13 0 6 9 8
1 5 7 12 13 6 11 4 8 3 14 10 0 9 2
4 10 7 8 3 13 0 14 11 12 9 6 1 2 5
8 4 11 13 1 9 0 6 12 5 2 10 3 7 14
13 8 10 5 6 14 11 7 12 0 1 4 9 2 3
5 8 13 11 9 14 10 1 12 6 4 7 3 0 2
2 9 4 0 5 7 8 10 12 11 3 13 6 1 14
1 4 8 10 6 11 9 5 13 0 7 12 3 14 2
1 10 13 12 5 4 6 14 11 7 8 2 9 0 3
(15,15) (85,95) (49,56) (95,116) (40,42) (78,91) (43,49) (57,67) (85,101) (87,93) (47,52) (43,44) (41,51) (11,13) (73,90)
(6,6) (44,54) (17,20) (4,4) (56,68) (43,54) (14,19) (40,46) (43,51) (76,94) (1,1) (32,33) (5,6) (90,113) (74,82)
(77,97) (44,46) (59,68) (49,60) (25,31) (35,41) (89,117) (78,92) (48,55) (52,62) (4,4) (49,60) (79,85) (35,42) (75,91)
(55,64) (34,34) (67,75) (18,23) (82,96) (67,73) (87,104) (38,43) (5,5) (87,105) (65,73) (3,4) (10,11) (27,30) (18,18)
(74,88) (7,8) (81,88) (74,76) (38,48) (24,29) (10,10) (13,15) (42,44) (2,2) (60,73) (26,31) (11,11) (89,93) (39,40)
(77,80) (87,91) (13,15) (89,107) (11,13) (60,76) (42,44) (3,3) (6,7) (35,39) (49,54) (94,113) (38,46) (58,67) (15,16)
(81,102) (12,13) (46,56) (1,1) (74,93) (31,33) (1,1) (78,94) (51,61) (70,79) (77,80) (72,91) (7,9) (81,91) (30,38)
(73,82) (13,13) (9,11) (11,12) (49,52) (14,15) (57,62) (80,95) (74,87) (79,83) (41,42) (80,89) (66,81) (61,78) (50,56)
(39,41) (62,65) (87,104) (9,10) (95,104) (95,107) (26,33) (47,52) (17,18) (48,49) (49,58) (26,27) (51,63) (77,94) (77,83)
(65,78) (86,88) (26,31) (45,58) (66,81) (74,93) (30,35) (24,26) (49,61) (82,86) (83,105) (12,12) (25,28) (78,100) (77,85)
(92,106) (84,89) (71,78) (25,26) (59,67) (72,80) (3,3) (97,111) (68,74) (50,60) (71,83) (73,78) (27,33) (1,1) (50,51)
(79,81) (13,14) (13,15) (27,31) (14,16) (5,5) (58,59) (31,35) (38,39) (64,71) (67,84) (83,103) (28,31) (90,100) (32,34)
(83,92) (64,71) (17,22) (20,22) (4,5) (80,100) (22,26) (8,10) (90,107) (88,109) (24,30) (8,10) (66,83) (85,94) (45,52)
(61,67) (17,21) (12,13) (41,53) (78,86) (63,70) (19,22) (53,58) (32,38) (48,53) (25,30) (10,11) (42,47) (29,37) (3,3)
(95,123) (28,35) (49,55) (98,103) (51,66) (62,80) (22,28) (47,55) (89,102) (1,1) (83,99) (7,9) (65,75) (68,80) (88,100)
(12,15) (19,19) (31,33) (93,100) (78,97) (42,51) (16,20) (56,68) (73,95) (1,1) (11,13) (24,25) (13,15) (60,69) (54,56)
(43,45) (24,26) (82,100) (20,24) (6,7) (44,46) (49,56) (41,51) (66,83) (46,52) (24,29) (83,107) (6,7) (6,6) (29,32)
(65,77) (91,93) (15,19) (77,96) (28,36) (70,85) (21,22) (40,44) (48,53) (35,40) (93,101) (80,82) (22,24) (74,78) (4,4)
(49,60) (33,41) (10,10) (95,100) (72,82) (80,87) (65,70) (74,93) (14,14) (82,101) (12,14) (74,78) (59,74) (42,53) (58,64)
(67,79) (54,63) (15,19) (85,90) (21,25) (21,22) (86,98) (16,17) (59,71) (81,99) (19,24) (32,37) (10,13) (66,82) (89,104)
