# int__atai30_20_07  30 jobs  20 machines
30 20
11 19 16 7 12 1 10 8 6 18 2 13 17 14 0 3 15 4 5 9
4 19 8 17 0 5 1 6 11 12 10 13 2 3 15 18 16 7 14 9
19 10 14 11 3 2 13 1 0 12 9 18 4 5 16 17 7 6 8 15
2 15 6 19 17 14 12 13 1 11 5 4 9 16 18 10 8 7 0 3
17 8 10 16 19 4 2 6 0 3 9 12 11 7 1 15 14 13 18 5
5 6 13 10 19 16 9 8 15 12 4 7 14 11 17 3 18 2 0 1
2 19 4 8 9 6 7 5 11 1 13 14 17 18 10 3 12 16 0 15
16 7 1 6 5 12 4 10 14 15 8 18 0 3 9 11 17 13 19 2
12 0 2 4 1 6 14 16 19 3 17 5 11 8 9 10 13 15 7 18
6 17 13 19 16 18 11 10 3 2 14 8 5 7 15 9 12 4 0 1
12 18 11 7 17 10 6 9 3 19 14 1 4 15 0 2 13 5 8 16
0 18 11 3 15 10 5 4 7 13 8 19 17 2 14 1 6 16 9 12
3 4 7 6 5 15 8 13 17 12 9 10 18 2 14 0 11 1 19 16
5 12 14 6 3 10 13 7 8 17 15 18 4 0 1 16 9 11 2 19
7 4 10 13 11 16 18 12 8 15 19 1 0 17 2 3 9 14 6 5
0 17 4 15 11 3 14 13 10 7 8 1 9 16 5 18 12 6 19 2
19 1 11 17 5 18 7 10 12 2 0 3 4 13 6 8 16 9 15 14
3 12 1 15 7 6 8 9 13 16 19 10 4 17 5 18 14 2 0 11
11 10 15 12 7 19 9 4 8 2 1 5 6 3 17 13 0 16 18 14
0 13 9 5 15 14 17 6 11 7 12 2 10 16 1 19 4 8 18 3
14 2 13 16 9 19 7 6 18 15 4 17 0 12 5 3 11 8 10 1
16 9 17 8 6 4 19 18 7 2 14 15 12 5 10 13 3 0 11 1
5 19 2 16 10 6 13 4 11 1 3 17 9 8 15 7 18 12 14 0
4 0 10 2 1 8 18 5 13 7 19 14 6 15 17 16 12 11 9 3
6 5 10 11 3 7 0 8 15 9 17 4 2 19 16 12 13 18 1 14
18 9 0 11 14 4 1 5 19 12 17 10 6 3 13 2 15 7 8 16
17 0 16 4 18 1 8 5 15 2 3 7 19 12 11 14 13 9 10 6
4 17 13 2 15 7 10 1 9 16 11 6 8 18 12 0 3 14 5 19
6 18 5 2 3 17 19 1 14 9 12 0 15 10 4 13 16 11 8 7
10 11 17 3 6 7 5 12 14 1 9 18 15 0 13 19 2 4 16 8
(63,78) (37,39) (15,18) (7,8) (93,105) (57,70) (90,97) (55,69) (93,100) (59,72) (39,49) (71,89) (57,65) (70,77) (21,21) (23,25) (23,27) (55,58) (71,83) (66,69)
(86,103) (67,78) (40,43) (14,16) (63,80) (8,9) (31,39) (76,95) (11,11) (29,33) (47,54) (94,112) (85,89) (80,91) (78,95) (85,97) (75,88) (86,92) (42,50) (25,28)
(52,62) (78,93) (36,44) (83,96) (30,35) (79,101) (23,28) (66,70) (3,3) (12,13) (8,9) (71,73) (84,107) (69,77) (18,20) (34,36) (94,110) (45,57) (70,85) (12,15)
(30,39) (48,53) (72,78) (12,13) (51,57) (88,101) (65,80) (50,64) (20,26) (11,12) (31,33) (67,72) (34,40) (95,108) (23,29) (90,95) (87,100) (15,18) (20,25) (63,79)
(13,16) (89,95) (14,16) (65,85) (6,7) (76,84) (14,16) (15,18) (16,17) (67,76) (19,23) (46,51) (70,84) (32,38) (19,25) (12,12) (53,60) (96,104) (26,29) (36,40)
(71,78) (90,106) (2,2) (79,89) (92,105) (20,24) (95,116) (63,79) (29,37) (39,46) (65,81) (63,79) (15,19) (32,34) (50,63) (47,56) (66,74) (88,105) (91,100) (34,44)
(27,29) (32,37) (78,86) (91,107) (11,13) (60,64) (36,41) (32,40) (92,99) (79,89) (14,16) (94,103) (36,43) (58,70) (72,85) (65,79) (25,30) (13,16) (4,5) (78,85)
(69,87) (91,109) (34,41) (10,13) (95,117) (82,95) (39,46) (42,44) (85,88) (18,22) (14,15) (44,54) (91,110) (17,17) (32,39) (31,33) (37,40) (46,47) (94,109) (22,22)
(69,83) (36,38) (8,9) (21,25) (2,2) (31,32) (72,81) (78,98) (45,54) (62,66) (77,86) (73,80) (47,53) (39,41) (82,99) (25,30) (86,93) (32,36) (28,30) (46,50)
(9,10) (35,37) (21,27) (57,72) (31,40) (33,37) (70,78) (26,28) (44,49) (19,21) (48,52) (35,37) (54,70) (84,89) (56,69) (48,60) (81,93) (51,56) (64,80) (58,68)
(23,24) (52,61) (59,74) (30,35) (14,17) (18,20) (25,29) (88,110) (51,54) (41,46) (76,85) (63,74) (79,101) (32,37) (28,32) (81,91) (13,15) (31,31) (6,7) (20,21)
(43,56) (87,103) (28,30) (7,7) (46,53) (46,54) (24,28) (45,51) (57,73) (27,31) (82,86) (67,70) (12,12) (36,42) (66,75) (46,46) (45,58) (91,114) (19,25) (44,52)
(22,28) (54,62) (59,69) (50,65) (17,18) (75,83) (52,63) (74,81) (34,36) (60,70) (49,62) (81,87) (37,41) (91,96) (29,30) (14,17) (75,94) (29,32) (98,116) (87,107)
(13,15) (22,26) (96,119) (58,60) (87,103) (43,45) (95,105) (55,57) (21,26) (32,34) (40,45) (45,55) (63,78) (85,87) (38,40) (3,3) (19,24) (37,40) (5,6) (72,78)
(12,15) (27,31) (8,9) (13,14) (25,27) (35,39) (32,34) (47,56) (28,31) (39,41) (35,46) (1,1) (73,80) (21,27) (38,45) (30,38) (6,7) (95,120) (84,107) (66,81)
(70,79) (73,91) (6,6) (55,58) (26,30) (20,22) (19,22) (96,111) (8,10) (67,76) (47,53) (25,31) (38,45) (94,105) (68,80) (79,93) (88,104) (11,14) (91,112) (70,87)
(11,12) (79,95) (80,96) (77,96) (72,90) (60,65) (42,51) (73,77) (4,4) (62,66) (51,53) (70,83) (75,90) (77,85) (88,102) (64,79) (27,28) (62,77) (81,102) (41,49)
(10,14) (15,19) (12,13) (72,75) (34,41) (83,100) (70,90) (39,42) (23,27) (62,73) (16,17) (36,37) (28,34) (84,91) (75,90) (49,54) (23,28) (39,48) (4,5) (76,80)
(51,58) (29,33) (83,106) (8,9) (66,77) (33,42) (58,69) (28,33) (52,67) (15,18) (56,67) (71,85) (15,18) (82,99) (74,91) (87,106) (69,85) (56,64) (62,73) (13,15)
(33,36) (16,20) (35,41) (94,108) (80,99) (84,104) (28,33) (54,57) (80,97) (80,99) (50,56) (36,44) (39,50) (89,95) (75,95) (88,98) (36,40) (1,1) (44,51) (33,39)
(19,23) (75,95) (42,48) (42,47) (63,67) (2,2) (13,17) (57,62) (46,48) (23,27) (89,108) (18,20) (55,64) (76,94) (31,33) (59,70) (26,28) (24,30) (51,61) (51,62)
(3,4) (1,1) (73,74) (80,93) (86,94) (53,61) (57,72) (14,16) (87,90) (65,83) (16,19) (75,81) (46,54) (30,37) (68,69) (5,6) (47,52) (28,31) (71,78) (18,20)
(37,48) (69,79) (36,43) (31,38) (52,65) (93,96) (8,9) (12,13) (22,24) (39,42) (15,16) (6,6) (24,29) (1,1) (21,25) (30,32) (10,12) (7,8) (59,63) (13,16)
(36,40) (95,116) (80,85) (70,80) (56,69) (26,27) (21,23) (38,45) (95,116) (35,41) (96,100) (69,81) (24,31) (71,83) (69,85) (76,83) (52,66) (90,107) (26,31) (29,34)
(48,50) (60,78) (92,102) (85,101) (82,92) (80,97) (15,18) (91,97) (73,85) (73,80) (51,55) (74,78) (91,114) (67,86) (34,42) (12,14) (82,91) (94,118) (38,49) (56,65)
(33,41) (41,47) (61,70) (71,85) (6,7) (71,80) (73,84) (82,107) (97,115) (16,19) (53,64) (42,52) (49,58) (90,105) (89,112) (23,29) (31,31) (69,80) (34,42) (44,56)
(4,5) (70,84) (29,32) (45,55) (81,93) (23,26) (86,89) (71,84) (74,80) (4,4) (10,12) (86,94) (72,83) (73,86) (24,30) (62,69) (73,76) (77,94) (35,43) (84,104)
(76,82) (65,76) (63,70) (14,18) (35,37) (33,39) (91,101) (7,8) (99,101) (44,48) (69,83) (12,12) (32,37) (75,78) (23,28) (56,66) (67,74) (1,1) (3,3) (6,7)
(86,103) (3,3) (68,80) (5,6) (71,88) (58,69) (31,38) (87,106) (40,51) (53,55) (18,20) (62,70) (53,55) (80,94) (91,114) (56,63) (93,109) (11,12) (93,113) (46,57)
(77,90) (32,41) (66,72) (66,71) (98,102) (46,55) (51,62) (86,102) (4,4) (68,82) (20,22) (28,30) (80,93) (11,11) (15,20) (54,68) (4,5) (18,21) (28,32) (67,71)
