# int__atai20_20_08  20 jobs  20 machines
20 20
17 7 9 12 4 5 14 8 0 2 18 3 10 11 16 13 19 15 1 6
18 10 6 3 4 16 1 14 15 13 11 19 17 8 0 9 2 5 12 7
13 16 8 7 4 3 15 19 18 17 5 1 10 14 12 11 6 9 2 0
13 18 4 6 5 14 9 19 1 3 10 7 12 2 15 11 8 17 16 0
17 10 8 12 3 14 16 15 2 0 7 5 13 19 11 18 6 4 9 1
5 0 19 17 8 7 12 6 1 3 13 16 15 2 14 10 9 11 18 4
17 14 6 8 18 2 16 12 5 0 4 15 7 10 3 19 1 11 9 13
11 1 15 16 2 13 9 14 0 6 18 10 7 5 4 17 3 19 12 8
17 10 7 2 16 13 11 0 8 4 19 3 1 12 5 18 9 14 6 15
18 15 14 12 9 19 10 16 7 17 6 11 0 2 4 8 13 5 3 1
1 0 9 6 19 17 11 18 15 16 14 8 7 13 3 10 12 4 5 2
15 2 10 19 9 3 17 16 13 11 4 6 1 7 14 12 5 18 0 8
6 1 19 14 17 11 10 3 13 2 12 15 4 16 8 18 5 0 9 7
2 10 1 19 5 12 8 14 17 13 11 4 16 18 15 0 6 7 9 3
14 0 8 3 9 10 2 17 4 6 19 1 16 5 12 13 15 7 18 11
8 12 13 10 7 0 4 16 5 15 18 3 9 2 11 19 14 6 1 17
8 12 19 11 10 4 2 7 9 6 0 15 13 1 16 14 5 3 17 18
9 6 16 4 3 2 14 8 12 7 17 15 19 18 1 0 5 10 13 11
9 18 12 10 14 16 1 17 4 7 0 8 2 15 19 6 5 3 11 13
6 2 17 9 19 11 14 7 4 3 8 12 18 15 16 0 5 1 10 13
(23,26) (8,8) (41,45) (85,93) (92,115) (14,17) (29,36) (85,102) (67,86) (32,35) (57,72) (19,21) (26,32) (34,43) (79,83) (24,27) (46,52) (51,56) (55,65) (99,101)
(5,6) (33,39) (31,33) (28,34) (42,55) (79,94) (71,79) (13,14) (24,27) (8,10) (36,38) (6,7) (1,1) (31,37) (96,106) (7,8) (46,54) (90,92) (73,78) (37,38)
(67,82) (67,85) (43,48) (30,32) (89,100) (29,35) (21,22) (36,46) (79,91) (26,30) (32,35) (1,1) (73,91) (35,43) (80,84) (78,89) (77,87) (89,106) (43,53) (75,83)
(13,15) (83,99) (75,93) (82,99) (74,92) (20,20) (62,66) (1,1) (5,6) (5,5) (48,57) (11,13) (8,8) (13,17) (33,35) (20,22) (56,69) (31,33) (55,68) (73,77)
(69,74) (12,14) (78,81) (78,84) (26,32) (37,42) (70,76) (79,95) (49,51) (9,11) (44,52) (12,16) (30,33) (88,103) (39,44) (5,6) (90,96) (24,27) (93,112) (71,73)
(80,94) (96,113) (80,89) (22,27) (8,10) (28,31) (90,98) (5,6) (79,97) (65,70) (74,81) (56,57) (64,72) (61,70) (81,90) (9,9) (82,84) (34,37) (80,85) (49,62)
(38,47) (77,78) (88,94) (20,25) (85,91) (92,107) (15,18) (10,12) (68,75) (71,87) (51,64) (34,36) (11,13) (67,81) (95,102) (53,69) (36,39) (56,60) (15,16) (82,84)
(3,4) (96,120) (19,20) (66,70) (32,37) (78,78) (56,64) (2,2) (32,34) (75,87) (94,119) (74,95) (69,75) (33,39) (44,51) (26,31) (78,93) (27,31) (86,90) (19,23)
(44,47) (28,34) (96,123) (93,100) (16,19) (81,95) (66,72) (25,29) (32,40) (83,89) (94,116) (59,71) (65,68) (42,53) (77,93) (70,72) (94,115) (68,84) (9,11) (48,53)
(26,28) (17,19) (6,7) (60,68) (87,91) (17,20) (57,69) (91,116) (11,13) (64,73) (93,101) (75,84) (58,71) (60,70) (51,61) (50,60) (94,101) (25,27) (90,112) (64,80)
(89,103) (9,10) (68,89) (65,81) (56,61) (54,65) (8,9) (79,87) (10,13) (75,89) (48,61) (37,37) (90,101) (5,5) (13,14) (60,77) (20,21) (6,7) (2,2) (26,29)
(68,75) (55,59) (13,15) (49,51) (23,26) (74,91) (24,28) (67,83) (71,85) (51,60) (92,97) (25,28) (21,26) (55,61) (15,17) (16,17) (68,82) (34,39) (41,45) (6,7)
(91,106) (80,81) (74,90) (71,80) (8,9) (51,60) (85,108) (83,96) (36,45) (92,96) (79,92) (1,1) (73,92) (48,54) (33,36) (44,50) (49,60) (74,92) (60,65) (4,4)
(18,21) (39,50) (29,34) (91,110) (10,11) (58,70) (31,36) (69,78) (72,73) (59,67) (31,35) (91,102) (61,74) (83,86) (87,102) (95,103) (34,41) (52,56) (84,94) (90,113)
(66,81) (13,16) (29,36) (83,96) (44,49) (8,9) (40,48) (81,100) (32,36) (19,23) (73,87) (36,43) (17,18) (28,31) (5,6) (60,66) (93,113) (7,7) (72,84) (38,46)
(47,51) (19,20) (10,12) (65,70) (6,6) (40,42) (84,100) (82,86) (7,8) (50,55) (54,68) (76,90) (23,29) (2,2) (87,93) (76,88) (36,39) (56,62) (20,23) (45,47)
(86,95) (33,38) (27,28) (20,25) (2,2) (25,30) (88,104) (23,29) (60,66) (65,79) (56,64) (52,56) (7,8) (83,101) (64,79) (13,14) (21,25) (15,16) (8,9) (57,66)
(84,101) (88,106) (88,105) (69,73) (9,10) (39,43) (74,92) (23,24) (73,91) (58,72) (89,103) (38,40) (90,108) (69,75) (12,16) (71,90) (44,52) (14,18) (18,19) (94,112)
(93,114) (33,38) (36,39) (82,83) (28,30) (51,54) (22,27) (31,36) (77,85) (27,27) (60,66) (56,64) (51,64) (1,1) (38,40) (84,95) (61,65) (33,41) (75,78) (72,80)
(14,16) (37,38) (79,89) (31,34) (12,14) (40,51) (78,98) (75,87) (86,96) (12,13) (17,21) (36,44) (1,1) (89,96) (72,75) (5,5) (80,98) (63,78) (37,41) (88,104)
