# int__atai15_15_06  15 jobs  15 machines
15 15
7 12 5 8 3 14 13 9 0 1 4 2 6 11 10
8 0 5 13 6 1 4 2 3 11 10 12 9 14 7
6 8 7 1 9 5 12 4 0 2 14 11 3 13 10
12 0 14 7 13 1 6 8 11 2 3 9 5 10 4
8 2 12 11 10 9 4 3 14 5 0 7 6 13 1
13 8 6 11 14 9 12 7 0 1 10 2 5 3 4
4 1 2 13 7 6 0 8 12 14 10 9 5 3 11
4 10 14 3 6 13 11 9 0 5 1 12 8 7 2
7 1 5 4 14 8 0 9 12 3 10 2 13 11 6
3 6 13 4 5 10 2 8 12 11 9 7 14 1 0
1 4 7 2 14 10 12 13 6 5 9 0 3 8 11
0 7 14 13 8 3 6 9 5 12 10 4 1 2 11
14 10 0 8 12 13 4 11 1 3 6 5 2 9 7
13 4 8 6 5 2 9 0 11 12 1 3 14 7 10
14 2 6 4 3 11 1 5 7 0 8 10 9 12 13
(95,116) (22,27) (68,72) (25,30) (27,33) (16,16) (26,28) (69,83) (18,20) (55,65) (43,51) (5,6) (12,13) (87,108) (63,74)
(31,38) (79,94) (93,119) (75,88) (54,68) (45,46) (60,63) (71,76) (22,28) (42,50) (91,114) (19,20) (5,6) (70,85) (69,77)
(60,66) (90,116) (62,63) (77,97) (10,11) (64,76) (26,30) (90,94) (23,27) (25,30) (8,8) (67,71) (29,35) (64,68) (96,102)
(78,87) (86,89) (65,73) (23,28) (53,66) (16,19) (68,78) (31,39) (72,82) (3,4) (2,2) (70,78) (4,4) (67,67) (27,28)
(45,53) (93,99) (11,12) (39,43) (88,106) (2,2) (95,113) (10,10) (42,46) (63,69) (26,29) (55,66) (71,89) (83,94) (78,93)
(5,6) (87,103) (88,93) (83,105) (65,71) (36,41) (65,70) (88,109) (89,109) (26,30) (12,13) (7,8) (94,105) (66,73) (13,14)
(88,100) (32,38) (76,80) (74,86) (88,99) (66,79) (78,94) (90,103) (11,13) (5,6) (83,94) (40,45) (4,5) (2,2) (69,77)
(77,90) (23,29) (41,50) (80,96) (44,51) (28,36) (3,3) (41,43) (5,5) (44,46) (80,87) (59,72) (58,64) (76,87) (42,46)
(19,23) (53,63) (19,21) (71,87) (63,73) (36,41) (55,57) (61,73) (39,49) (72,87) (53,64) (83,94) (53,62) (59,63) (6,6)
(26,28) (57,71) (6,6) (88,104) (6,6) (37,46) (61,71) (34,40) (24,26) (58,62) (76,92) (29,33) (1,1) (7,8) (69,81)
(4,4) (50,62) (6,6) (10,11) (51,53) (85,108) (38,38) (37,41) (34,36) (43,50) (99,123) (87,109) (50,60) (15,17) (95,123)
(28,35) (11,12) (74,86) (50,57) (35,43) (57,73) (44,45) (38,48) (63,71) (47,56) (39,47) (33,39) (77,98) (37,43) (28,34)
(30,32) (32,34) (38,41) (25,26) (38,42) (84,89) (37,43) (61,73) (15,15) (41,43) (89,103) (63,66) (15,19) (79,87) (93,97)
(9,11) (21,23) (8,9) (53,63) (77,92) (75,76) (77,84) (58,65) (66,68) (95,121) (23,26) (23,28) (91,96) (90,112) (22,25)
(78,100) (29,35) (66,79) (56,60) (44,51) (28,30) (48,58) (28,29) (63,76) (61,74) (79,88) (22,27) (93,108) (53,57) (46,49)
