# int__atai20_20_09  20 jobs  20 machines
20 20
10 9 16 18 17 5 14 2 13 19 12 3 8 4 1 15 0 6 11 7
4 19 5 6 2 7 16 12 9 11 8 13 14 3 1 15 18 17 0 10
10 3 14 0 16 1 2 5 7 15 17 13 19 4 11 12 9 18 8 6
1 8 17 11 0 10 12 5 13 4 6 3 15 7 16 14 9 2 19 18
13 16 18 10 15 4 14 5 19 2 17 0 6 7 3 1 9 12 11 8
5 7 15 19 17 4 12 2 3 18 8 13 0 9 14 10 11 6 1 16
10 3 12 8 9 16 19 6 13 11 17 0 14 18 1 4 15 5 7 2
4 14 18 3 16 7 9 10 17 11 15 0 5 6 19 13 12 1 8 2
8 4 7 5 9 19 3 0 13 14 11 17 16 10 1 2 12 6 18 15
11 19 12 4 18 6 8 13 15 2 0 1 3 17 16 10 5 9 7 14
0 17 1 18 13 12 6 7 2 5 15 10 11 9 19 16 4 14 3 8
0 10 5 8 2 1 15 7 18 3 12 13 9 17 19 11 16 6 14 4
16 13 4 19 18 6 10 5 9 17 1 12 14 8 15 11 3 0 7 2
17 13 4 12 7 0 11 3 2 8 16 18 1 6 14 15 10 19 5 9
12 10 16 5 9 0 6 18 1 2 15 11 14 3 8 7 13 19 17 4
7 1 4 13 16 12 9 3 14 18 0 10 5 17 8 2 19 6 15 11
14 8 18 17 15 19 3 12 16 0 2 1 13 5 10 11 9 7 6 4
8 9 15 7 5 1 0 18 14 2 6 12 17 4 10 19 11 13 16 3
16 4 15 14 8 7 18 19 12 5 6 9 1 2 13 3 0 11 17 10
4 8 2 14 15 6 13 17 12 9 7 5 3 1 0 11 19 10 18 16
(81,93) (44,55) (51,64) (46,52) (9,10) (9,9) (37,44) (76,98) (80,96) (48,58) (24,26) (49,51) (79,101) (5,6) (69,75) (88,104) (87,103) (25,25) (76,100) (35,39)
(75,78) (47,50) (6,6) (31,37) (67,79) (23,23) (43,50) (21,23) (41,51) (13,15) (72,86) (29,31) (61,68) (87,110) (65,78) (65,71) (26,31) (94,103) (94,119) (49,59)
(48,50) (25,27) (34,43) (64,79) (54,67) (75,89) (71,81) (80,87) (57,66) (15,19) (88,106) (65,77) (61,65) (4,4) (74,84) (78,87) (69,79) (72,87) (62,67) (30,36)
(53,56) (57,67) (37,45) (32,40) (31,37) (65,71) (63,73) (84,89) (48,53) (89,101) (35,39) (19,24) (92,101) (20,20) (30,34) (29,33) (48,58) (8,9) (21,27) (46,58)
(81,93) (67,83) (2,2) (68,83) (38,43) (7,7) (77,93) (77,82) (74,93) (94,110) (62,76) (11,12) (95,104) (37,43) (91,107) (89,106) (9,10) (20,24) (17,20) (78,86)
(62,76) (7,8) (92,99) (29,32) (74,85) (74,77) (48,54) (76,91) (56,68) (28,30) (64,79) (90,107) (74,90) (71,79) (79,91) (8,9) (25,27) (84,97) (68,74) (81,105)
(47,50) (57,68) (89,97) (56,70) (24,28) (43,46) (49,51) (40,49) (33,41) (86,108) (77,94) (3,3) (52,65) (80,94) (61,67) (30,36) (15,17) (2,2) (64,73) (71,79)
(4,5) (20,24) (22,29) (32,35) (64,65) (43,51) (54,66) (19,21) (91,100) (23,24) (17,19) (8,9) (70,87) (53,63) (18,20) (90,113) (42,51) (18,20) (54,64) (20,21)
(56,70) (24,29) (32,40) (86,108) (53,61) (89,102) (11,12) (50,56) (74,76) (77,84) (4,5) (72,81) (81,82) (90,111) (67,84) (35,40) (24,30) (34,39) (10,12) (33,36)
(32,35) (83,101) (73,92) (64,68) (47,54) (75,81) (83,92) (43,55) (36,41) (66,72) (32,38) (73,77) (62,71) (43,54) (63,74) (44,48) (93,96) (94,122) (21,25) (67,72)
(16,19) (26,32) (52,64) (24,29) (90,94) (34,40) (46,54) (79,84) (24,27) (90,106) (71,93) (67,85) (81,94) (71,82) (82,102) (93,117) (68,69) (94,110) (33,39) (28,34)
(64,80) (77,92) (74,89) (67,68) (69,78) (21,27) (50,60) (29,37) (46,54) (71,89) (41,44) (43,44) (71,87) (60,65) (52,65) (95,103) (10,12) (94,110) (73,79) (81,85)
(34,37) (71,89) (95,103) (71,77) (90,102) (87,109) (25,27) (88,107) (69,80) (80,96) (13,14) (44,46) (80,100) (57,66) (37,47) (19,20) (65,77) (23,25) (48,50) (18,20)
(81,87) (73,91) (39,49) (33,37) (9,11) (31,40) (25,28) (42,51) (18,21) (70,75) (40,45) (92,105) (37,47) (89,107) (87,92) (11,13) (1,1) (2,2) (67,81) (10,11)
(24,28) (32,38) (39,44) (14,15) (64,79) (25,27) (93,101) (85,102) (20,25) (98,117) (92,106) (69,89) (56,66) (4,4) (1,1) (2,2) (82,92) (88,94) (40,50) (82,104)
(29,29) (97,119) (39,47) (87,106) (52,60) (9,9) (21,27) (2,2) (77,92) (70,77) (15,16) (22,24) (95,106) (13,16) (19,20) (13,16) (50,57) (43,52) (88,99) (32,36)
(91,99) (39,42) (46,48) (60,66) (63,73) (30,36) (92,101) (40,48) (18,22) (95,120) (35,37) (28,35) (8,8) (25,28) (5,5) (89,102) (60,63) (62,71) (16,18) (23,25)
(69,86) (76,89) (60,76) (52,57) (39,43) (68,80) (40,44) (60,62) (90,102) (37,43) (31,39) (46,59) (7,8) (37,37) (68,81) (4,4) (78,88) (80,88) (10,11) (72,79)
(86,93) (15,16) (66,81) (31,38) (94,111) (7,8) (40,44) (50,59) (36,39) (68,81) (71,77) (75,96) (10,12) (58,65) (38,41) (30,35) (81,89) (67,69) (83,86) (27,29)
(89,96) (17,19) (73,77) (7,8) (44,45) (10,12) (32,36) (74,91) (9,11) (66,74) (45,51) (84,105) (87,110) (49,62) (41,49) (2,2) (20,25) (60,63) (92,115) (87,89)
