# int__atai20_15_09  20 jobs  15 machines
20 15
8 1 10 7 9 5 6 3 2 13 4 0 14 11 12
1 9 4 5 0 11 6 7 12 2 14 8 13 10 3
6 2 8 9 3 5 4 12 11 7 10 13 0 14 1
4 9 1 2 13 3 6 0 12 5 10 7 8 11 14
6 7 9 13 11 1 5 0 12 3 14 2 4 8 10
2 12 6 13 8 4 1 14 5 9 10 0 3 7 11
13 2 12 5 11 6 8 4 10 7 1 0 3 9 14
9 8 14 7 3 10 1 12 4 13 11 6 5 0 2
14 3 6 8 12 9 4 5 1 7 0 10 2 11 13
11 4 14 8 13 10 9 0 5 6 2 12 3 1 7
6 2 8 0 3 5 7 10 14 9 11 13 4 1 12
9 1 14 0 13 2 7 8 5 11 4 10 6 3 12
8 11 12 3 7 13 6 1 14 5 9 2 4 0 10
8 12 7 11 3 14 6 10 5 1 2 9 0 4 13
10 13 12 8 3 11 5 14 0 4 2 6 1 9 7
8 6 10 14 1 11 3 5 12 9 2 4 0 7 13
13 2 8 14 7 0 9 6 3 11 10 5 12 1 4
0 13 12 6 7 2 11 14 8 3 4 10 1 5 9
9 6 2 12 0 8 11 4 5 1 7 3 14 10 13
2 8 6 12 14 10 13 5 0 7 11 9 3 4 1
(77,87) (22,23) (87,93) (45,47) (41,43) (57,64) (12,13) (90,102) (39,46) (67,86) (71,83) (13,16) (47,53) (93,104) (62,65)
(85,100) (56,68) (44,54) (1,1) (72,84) (3,4) (87,111) (76,82) (28,36) (17,20) (12,14) (59,64) (88,113) (34,38) (24,24)
(56,57) (6,7) (72,90) (35,40) (56,70) (25,27) (90,96) (21,25) (45,52) (88,95) (46,56) (2,2) (57,64) (65,78) (54,67)
(73,89) (38,46) (1,1) (36,46) (52,57) (83,85) (50,57) (38,40) (64,73) (80,90) (42,54) (67,83) (24,29) (27,31) (12,13)
(14,17) (71,81) (24,28) (68,73) (8,9) (94,117) (14,16) (13,15) (31,34) (74,86) (13,15) (89,100) (38,48) (57,68) (45,50)
(90,99) (2,2) (68,73) (22,26) (38,44) (32,34) (35,42) (31,35) (50,60) (31,37) (10,12) (62,69) (82,90) (16,19) (1,1)
(15,18) (95,106) (20,26) (10,10) (34,41) (74,92) (28,36) (62,72) (33,42) (25,26) (85,100) (29,33) (50,59) (41,50) (43,53)
(14,16) (20,23) (85,103) (2,2) (18,24) (75,83) (91,114) (81,96) (53,56) (59,75) (6,7) (13,16) (83,105) (86,93) (43,51)
(8,9) (56,62) (67,81) (16,17) (95,106) (32,37) (14,17) (45,48) (21,23) (76,96) (63,79) (28,32) (72,85) (10,12) (47,57)
(52,64) (84,103) (53,63) (26,28) (81,97) (6,6) (97,108) (50,58) (27,34) (63,70) (92,105) (52,57) (83,103) (68,78) (45,52)
(43,52) (18,22) (31,36) (34,39) (18,20) (58,63) (96,109) (13,14) (47,50) (35,39) (78,83) (13,15) (66,81) (15,19) (22,25)
(12,14) (66,80) (35,41) (71,78) (89,106) (65,73) (28,31) (12,16) (17,19) (66,77) (47,60) (50,64) (50,62) (60,66) (10,11)
(75,79) (75,93) (73,87) (40,48) (55,68) (22,28) (6,7) (31,33) (5,5) (15,20) (70,79) (39,51) (46,48) (64,73) (37,39)
(93,111) (57,64) (56,63) (91,114) (20,22) (88,102) (13,14) (78,102) (6,7) (61,73) (50,57) (43,48) (4,4) (28,35) (20,23)
(96,102) (63,72) (61,63) (60,70) (70,74) (9,11) (10,11) (91,103) (90,113) (75,83) (45,55) (39,46) (24,29) (93,97) (56,61)
(32,35) (17,18) (92,109) (77,81) (84,99) (3,3) (69,85) (17,22) (29,36) (32,38) (89,115) (10,10) (83,92) (55,67) (44,50)
(67,79) (81,98) (59,76) (76,77) (40,48) (13,14) (8,9) (84,99) (3,3) (65,74) (39,48) (11,13) (31,38) (69,80) (85,104)
(20,22) (74,87) (74,95) (74,85) (59,76) (78,98) (75,92) (40,43) (6,7) (85,99) (51,53) (49,56) (28,32) (62,73) (18,22)
(86,93) (16,17) (96,112) (26,30) (57,69) (59,65) (69,77) (93,111) (81,102) (78,88) (94,109) (86,110) (10,11) (8,9) (41,49)
(24,26) (16,19) (19,20) (64,83) (83,102) (73,91) (48,51) (43,46) (94,111) (27,34) (66,74) (33,37) (24,30) (93,106) (19,23)
