# int__atai15_15_05  15 jobs  15 machines
15 15
12 1 4 9 13 0 11 8 3 5 6 14 10 2 7
5 1 14 10 13 9 6 12 8 2 7 0 3 4 11
6 3 10 7 13 4 5 9 8 2 0 1 11 14 12
10 7 5 0 9 13 2 8 1 14 11 3 12 6 4
6 12 14 1 7 5 11 0 2 3 8 13 4 9 10
4 7 6 0 8 13 12 14 3 2 5 9 10 1 11
10 11 6 9 0 2 1 8 12 7 5 3 13 14 4
3 10 5 6 8 4 0 14 2 7 9 11 12 1 13
1 2 6 7 10 12 14 8 0 3 13 5 4 9 11
12 7 6 14 3 4 0 13 10 8 11 9 5 2 1
4 3 8 14 2 13 5 6 10 12 7 11 1 9 0
6 12 7 5 2 4 13 11 8 0 10 3 1 9 14
12 13 8 7 1 6 0 5 9 10 4 2 14 3 11
12 1 4 8 6 10 7 3 0 5 13 2 9 14 11
7 5 0 10 2 3 9 6 11 8 1 4 14 12 13
(39,48) (92,102) (56,62) (92,103) (75,88) (74,84) (22,28) (63,73) (65,69) (16,19) (69,75) (51,56) (82,86) (95,100) (23,30)
(2,2) (85,110) (96,99) (51,61) (65,73) (13,13) (37,42) (34,38) (56,60) (37,45) (91,105) (37,41) (66,84) (92,117) (71,86)
(87,95) (44,57) (14,15) (83,92) (30,34) (78,81) (61,63) (36,39) (53,56) (1,1) (93,115) (15,16) (2,2) (50,59) (93,118)
(19,22) (15,18) (40,46) (8,9) (72,75) (14,17) (75,88) (24,27) (76,84) (82,96) (59,70) (68,73) (79,85) (16,17) (92,116)
(66,73) (68,72) (3,3) (66,69) (90,109) (36,40) (72,89) (20,21) (84,90) (75,97) (49,55) (48,52) (21,21) (29,32) (62,75)
(13,16) (1,1) (28,32) (72,84) (6,6) (31,37) (97,111) (49,53) (82,83) (2,2) (82,86) (32,36) (32,36) (96,99) (58,67)
(21,22) (78,98) (98,110) (67,74) (78,82) (68,71) (45,48) (94,102) (55,63) (75,92) (52,61) (10,10) (89,98) (1,1) (31,36)
(29,29) (81,101) (86,102) (10,12) (29,34) (36,43) (37,40) (47,48) (15,19) (63,66) (88,112) (72,81) (87,101) (45,53) (45,52)
(36,38) (9,11) (47,52) (22,25) (1,1) (75,92) (37,42) (15,17) (9,10) (41,49) (34,36) (81,96) (8,9) (58,68) (59,72)
(1,1) (72,87) (45,48) (45,49) (10,12) (36,38) (58,62) (80,99) (25,28) (10,12) (37,42) (77,82) (74,77) (49,60) (49,59)
(22,22) (48,59) (33,39) (2,2) (23,30) (3,4) (70,87) (65,76) (21,23) (59,75) (67,85) (92,106) (42,48) (38,41) (48,56)
(80,88) (44,50) (21,22) (23,27) (84,104) (18,23) (63,66) (51,54) (22,27) (49,53) (11,13) (70,89) (73,78) (16,17) (71,86)
(21,25) (76,92) (29,35) (32,34) (21,24) (22,27) (81,104) (89,111) (14,17) (12,13) (65,70) (58,70) (45,51) (31,35) (86,105)
(28,34) (91,113) (50,57) (58,64) (32,40) (12,14) (71,87) (96,100) (73,75) (11,13) (82,96) (3,4) (86,99) (55,66) (6,7)
(92,94) (17,22) (53,60) (40,49) (67,73) (29,29) (42,49) (50,62) (73,81) (67,75) (40,44) (47,59) (1,1) (26,29) (12,14)
