# int__atai20_20_02  20 jobs  20 machines
20 20
3 2 19 11 10 13 16 15 1 0 12 17 18 9 5 7 14 4 8 6
14 12 4 17 7 2 10 15 8 9 3 6 16 13 11 1 0 5 19 18
18 17 0 13 7 1 11 19 5 3 2 16 15 4 8 14 9 12 10 6
17 10 8 12 5 16 14 11 6 1 9 4 19 0 18 15 3 2 13 7
8 12 1 10 13 15 5 17 9 7 18 3 4 0 2 14 19 11 16 6
6 0 9 16 14 18 17 10 2 13 11 7 19 1 8 3 4 15 12 5
12 1 6 14 11 15 3 10 9 19 5 17 2 4 8 18 7 0 13 16
5 12 19 1 8 13 18 9 10 2 17 3 15 6 16 7 0 4 11 14
2 8 3 10 16 15 0 17 7 13 5 14 12 9 19 6 18 11 4 1
17 2 7 19 11 16 13 10 15 1 5 6 8 9 3 12 18 14 0 4
7 12 8 11 16 15 4 3 14 9 19 2 13 17 6 1 10 18 5 0
4 17 11 16 15 18 14 19 6 7 5 10 13 0 3 9 2 8 1 12
8 16 12 2 5 15 10 17 7 13 4 1 0 3 19 9 18 14 11 6
1 8 18 11 17 9 10 16 19 5 12 4 3 6 7 2 14 0 13 15
13 7 4 0 19 2 14 3 11 17 16 10 1 9 12 6 15 8 5 18
15 0 18 16 8 4 5 14 7 17 1 3 10 19 6 2 13 12 9 11
3 11 2 9 15 1 10 7 19 5 8 13 17 6 0 16 14 12 18 4
17 6 11 5 16 4 12 9 18 0 10 14 7 3 15 1 8 19 2 13
5 6 8 12 2 9 16 13 18 1 7 17 0 15 19 3 11 4 14 10
3 15 10 4 18 1 16 9 12 7 11 0 2 19 13 14 17 5 6 8
(92,106) (59,70) (12,13) (67,80) (39,47) (81,86) (29,32) (15,18) (33,38) (92,99) (52,57) (52,68) (59,63) (65,79) (29,37) (84,101) (11,15) (19,25) (16,19) (50,63)
(21,23) (73,85) (28,33) (87,91) (45,48) (46,54) (20,26) (44,56) (74,92) (34,41) (10,12) (90,113) (9,9) (75,88) (39,42) (87,90) (84,103) (32,38) (2,2) (1,1)
(31,37) (8,9) (94,118) (13,17) (41,42) (51,54) (94,108) (18,21) (37,44) (20,24) (88,97) (52,56) (96,118) (77,85) (20,23) (22,26) (92,105) (66,72) (16,21) (80,85)
(12,14) (41,46) (93,104) (39,43) (4,4) (33,39) (6,6) (89,95) (32,39) (34,42) (2,2) (53,65) (75,85) (9,9) (95,111) (10,11) (43,55) (79,83) (72,85) (37,40)
(25,26) (68,76) (32,35) (55,65) (36,47) (73,93) (84,94) (52,60) (45,52) (20,24) (70,85) (66,74) (95,101) (4,4) (22,25) (87,111) (85,105) (19,25) (65,78) (64,77)
(82,94) (72,87) (91,105) (26,32) (96,115) (36,42) (67,69) (83,102) (33,39) (6,7) (65,74) (16,17) (12,12) (5,5) (32,36) (83,97) (94,98) (46,51) (83,95) (88,110)
(3,3) (34,38) (2,2) (95,106) (66,70) (36,41) (30,35) (48,61) (83,96) (26,33) (36,38) (86,92) (89,106) (67,83) (19,21) (78,96) (73,89) (74,89) (11,12) (36,40)
(57,69) (96,109) (41,47) (72,82) (27,30) (68,74) (89,108) (42,46) (26,33) (52,66) (24,24) (34,43) (78,99) (13,14) (32,39) (76,86) (43,54) (95,116) (78,87) (82,87)
(76,93) (62,76) (31,31) (27,31) (70,79) (12,12) (4,5) (4,4) (11,14) (34,36) (81,101) (55,62) (18,23) (76,99) (19,23) (16,19) (95,118) (23,27) (62,73) (91,97)
(59,71) (83,87) (46,57) (56,67) (2,2) (18,20) (46,52) (49,51) (77,96) (81,90) (14,17) (16,16) (73,85) (85,97) (82,89) (82,104) (57,61) (44,46) (27,35) (63,76)
(10,12) (44,44) (26,31) (61,74) (90,106) (29,33) (18,22) (26,28) (21,24) (86,88) (22,26) (60,74) (72,80) (10,10) (75,80) (3,3) (95,98) (85,106) (10,11) (44,47)
(20,25) (49,55) (3,4) (92,108) (80,94) (25,29) (81,94) (56,60) (84,100) (58,72) (77,93) (80,84) (25,28) (5,5) (75,89) (38,47) (15,16) (20,20) (50,58) (51,56)
(16,18) (85,98) (6,6) (48,52) (73,78) (81,85) (84,88) (26,28) (79,80) (44,50) (91,105) (7,8) (26,31) (26,27) (95,114) (14,16) (26,34) (3,4) (12,12) (80,97)
(44,56) (21,25) (1,1) (96,111) (80,88) (21,27) (2,2) (40,52) (61,63) (75,96) (17,18) (65,76) (60,64) (70,89) (48,59) (87,96) (37,40) (27,30) (33,41) (14,17)
(49,59) (47,53) (39,43) (60,72) (5,6) (79,94) (69,75) (3,3) (60,65) (43,43) (57,71) (37,45) (50,63) (67,82) (69,73) (83,96) (60,65) (52,59) (1,1) (94,103)
(52,62) (49,56) (25,27) (16,20) (88,114) (91,106) (36,44) (58,75) (39,42) (47,51) (19,21) (23,24) (56,62) (8,9) (69,88) (29,34) (15,15) (83,96) (30,34) (39,42)
(69,75) (76,79) (33,35) (44,55) (82,88) (83,89) (19,22) (5,5) (75,87) (74,77) (59,76) (87,92) (77,79) (44,47) (30,33) (84,102) (40,42) (22,26) (35,40) (55,67)
(32,36) (16,19) (59,67) (69,74) (64,69) (37,43) (42,51) (23,24) (73,82) (1,1) (21,23) (32,34) (21,25) (3,3) (66,79) (74,81) (52,61) (62,74) (34,35) (15,18)
(55,65) (53,62) (68,77) (5,6) (19,21) (85,109) (89,98) (79,87) (55,60) (15,19) (52,56) (80,103) (1,1) (63,73) (14,14) (79,94) (1,1) (92,103) (52,54) (29,33)
(80,83) (78,84) (9,10) (47,53) (31,35) (18,21) (88,94) (64,76) (85,89) (61,79) (4,5) (66,74) (76,82) (21,25) (83,95) (90,102) (63,82) (49,52) (80,90) (95,120)
