# int__atai30_20_04  30 jobs  20 machines
30 20
5 0 6 16 2 15 19 10 12 13 4 3 9 17 18 1 7 8 14 11
17 11 16 13 1 7 4 14 10 8 2 19 3 12 6 5 0 15 9 18
15 9 18 19 1 16 17 8 0 14 13 2 7 3 12 11 5 6 10 4
13 1 19 2 10 6 8 3 0 16 9 5 14 17 15 11 12 4 18 7
13 3 2 19 1 0 15 6 18 14 5 16 17 9 11 10 12 7 4 8
6 17 14 19 7 12 3 18 5 11 8 0 1 15 16 10 13 4 2 9
0 10 15 11 17 14 5 6 8 3 9 16 12 2 1 19 18 13 7 4
9 10 8 13 16 18 15 3 6 5 1 11 14 0 7 17 2 12 4 19
4 6 19 5 2 9 16 18 7 8 12 1 15 13 17 10 0 14 3 11
17 1 12 5 2 3 8 7 6 9 19 15 14 10 4 18 11 16 13 0
17 15 11 0 7 6 5 9 4 12 10 2 14 16 19 3 13 8 1 18
13 14 2 5 0 11 16 17 15 9 18 6 19 7 12 3 4 1 10 8
3 5 13 0 14 12 11 16 2 19 8 9 15 4 7 17 6 18 10 1
15 5 18 17 6 16 13 12 3 2 9 0 1 14 8 10 11 19 4 7
10 6 19 15 4 17 8 1 12 18 0 9 3 5 13 11 2 16 7 14
3 9 16 6 7 11 14 8 18 12 5 17 19 10 2 1 0 15 13 4
13 18 5 6 8 0 4 10 7 12 1 15 3 16 19 2 11 17 9 14
5 15 1 2 19 18 12 13 16 17 14 9 0 11 10 3 8 4 6 7
8 14 6 3 11 4 12 15 1 0 17 7 5 10 19 2 18 13 16 9
10 0 14 2 16 19 17 6 3 8 12 11 7 13 15 9 1 5 4 18
17 14 1 4 7 16 0 18 19 13 15 8 2 11 10 6 3 12 9 5
14 16 17 5 4 8 10 12 3 19 2 9 18 13 15 0 7 1 6 11
1 14 2 8 13 6 12 3 5 18 17 11 10 0 7 19 15 4 16 9
7 11 3 9 8 4 18 5 14 0 10 13 1 2 15 17 19 6 12 16
19 6 9 16 17 8 14 11 7 10 18 2 3 0 1 12 4 5 15 13
2 16 17 6 3 4 11 5 18 14 15 19 0 9 7 12 13 10 1 8
13 11 16 14 6 15 1 17 0 12 5 3 2 4 7 8 10 9 18 19
10 2 6 0 19 14 7 12 18 16 5 9 15 3 11 13 1 17 4 8
15 19 11 17 18 13 4 6 8 12 3 14 1 10 16 2 5 0 7 9
0 18 19 6 11 4 5 13 2 12 17 3 1 16 8 10 9 7 14 15
(50,53) (90,98) (49,53) (1,1) (51,57) (25,29) (72,81) (58,68) (44,53) (8,8) (80,90) (94,110) (65,83) (56,67) (56,59) (39,50) (17,21) (91,98) (84,95) (6,6)
(74,78) (22,25) (11,13) (48,57) (30,36) (31,39) (5,5) (51,58) (14,15) (42,48) (43,44) (23,29) (82,92) (66,83) (2,2) (44,56) (73,76) (34,41) (48,59) (90,103)
(80,96) (12,14) (36,42) (49,60) (62,74) (58,67) (30,31) (74,86) (68,77) (89,96) (13,14) (13,14) (91,98) (12,12) (72,87) (28,32) (64,66) (58,67) (26,30) (21,23)
(90,111) (95,106) (50,54) (73,92) (85,92) (56,64) (73,76) (58,74) (84,107) (68,71) (95,108) (11,11) (58,75) (66,81) (41,49) (5,6) (16,18) (17,19) (14,15) (90,100)
(39,43) (9,9) (77,86) (82,84) (64,79) (32,35) (80,97) (38,47) (47,59) (88,102) (92,96) (59,64) (4,5) (99,101) (91,95) (50,59) (79,94) (9,10) (88,100) (52,62)
(53,69) (69,70) (94,106) (57,60) (9,10) (79,97) (50,57) (29,34) (6,7) (27,32) (55,63) (85,98) (60,76) (28,36) (54,66) (36,41) (63,69) (15,19) (84,95) (62,76)
(43,54) (45,53) (86,97) (34,38) (78,88) (56,69) (56,67) (95,115) (60,65) (8,9) (29,38) (89,115) (48,58) (89,106) (11,13) (63,70) (22,22) (42,46) (95,102) (85,86)
(60,67) (78,86) (71,85) (80,87) (25,28) (54,57) (68,77) (42,48) (69,86) (62,69) (23,27) (7,8) (44,51) (12,13) (17,18) (8,10) (39,45) (85,103) (7,7) (79,86)
(65,81) (95,102) (37,42) (32,35) (72,79) (95,104) (88,113) (27,30) (14,17) (16,19) (97,118) (9,9) (89,99) (24,25) (8,9) (61,72) (4,5) (72,77) (34,36) (36,41)
(75,94) (33,36) (36,39) (79,93) (48,59) (22,29) (2,2) (5,6) (16,16) (73,84) (10,10) (94,112) (12,14) (91,100) (44,54) (51,56) (34,39) (73,90) (75,92) (52,66)
(31,35) (72,80) (10,12) (89,100) (45,46) (82,102) (38,42) (17,21) (79,89) (85,94) (85,87) (88,110) (65,82) (66,77) (79,92) (4,5) (92,111) (3,3) (7,7) (50,53)
(4,5) (49,54) (19,20) (71,85) (36,41) (93,109) (65,67) (82,92) (97,119) (24,27) (64,68) (87,103) (50,60) (59,63) (95,102) (67,77) (13,15) (13,16) (99,118) (81,99)
(40,49) (79,82) (89,108) (76,97) (51,66) (64,72) (39,44) (8,10) (62,71) (65,75) (2,2) (34,43) (23,27) (60,75) (74,80) (26,29) (71,81) (23,25) (18,22) (60,69)
(86,98) (28,35) (35,40) (2,2) (17,19) (2,2) (11,12) (45,49) (94,100) (90,110) (55,65) (91,108) (45,49) (87,106) (28,35) (54,55) (28,32) (80,97) (68,80) (4,5)
(22,23) (72,84) (95,96) (64,71) (20,25) (44,54) (82,89) (8,10) (58,71) (63,79) (94,106) (29,35) (46,50) (63,78) (6,7) (25,30) (61,66) (58,63) (96,114) (19,22)
(73,78) (72,76) (74,92) (83,89) (22,24) (96,111) (82,101) (74,93) (11,12) (63,67) (21,23) (92,99) (46,49) (61,68) (77,86) (34,37) (9,11) (16,18) (37,49) (28,33)
(57,57) (65,79) (44,52) (83,85) (15,20) (18,21) (1,1) (29,34) (62,80) (41,48) (85,99) (37,46) (87,92) (81,92) (85,100) (20,22) (37,41) (60,71) (28,36) (74,76)
(65,80) (74,88) (43,44) (55,62) (86,90) (67,81) (11,11) (12,14) (58,71) (53,70) (54,57) (75,86) (78,97) (16,20) (13,15) (13,16) (14,16) (94,116) (86,94) (20,22)
(51,62) (1,1) (80,97) (57,58) (18,20) (94,112) (44,50) (81,83) (24,26) (72,85) (28,33) (72,76) (10,11) (23,28) (61,74) (41,46) (61,75) (96,116) (66,76) (69,74)
(78,100) (92,105) (45,47) (6,7) (5,5) (17,20) (78,87) (42,43) (28,29) (27,30) (83,93) (79,100) (98,117) (59,65) (84,93) (20,26) (13,14) (27,35) (90,111) (19,24)
(60,79) (55,62) (23,27) (43,52) (29,31) (21,23) (31,38) (61,67) (54,61) (60,76) (24,28) (82,98) (12,14) (75,86) (61,75) (51,57) (83,91) (21,23) (63,77) (1,1)
(51,55) (1,1) (70,72) (74,81) (23,26) (87,105) (19,21) (95,99) (80,85) (27,27) (70,72) (36,40) (60,68) (90,106) (46,51) (21,23) (51,62) (20,25) (11,12) (95,113)
(87,105) (66,77) (12,15) (71,81) (40,52) (37,42) (61,73) (90,105) (41,42) (14,14) (27,31) (82,86) (37,46) (49,54) (23,23) (58,63) (9,9) (19,23) (17,19) (45,50)
(87,93) (44,50) (59,61) (62,77) (91,104) (67,72) (49,54) (94,100) (42,47) (68,84) (84,96) (84,103) (11,11) (13,14) (16,19) (82,99) (60,68) (79,86) (36,40) (2,2)
(39,47) (41,51) (19,19) (80,83) (45,57) (85,90) (7,8) (55,61) (26,30) (97,121) (51,58) (21,21) (68,82) (96,116) (63,78) (45,53) (11,13) (41,47) (64,67) (11,12)
(4,4) (13,14) (44,46) (27,29) (23,24) (24,29) (44,54) (37,44) (36,46) (31,33) (37,38) (94,95) (13,16) (19,22) (28,29) (36,45) (43,46) (77,96) (23,30) (38,39)
(56,64) (88,100) (37,46) (35,37) (82,107) (2,2) (38,49) (19,21) (89,99) (41,46) (69,88) (86,93) (37,39) (38,42) (89,94) (32,41) (70,78) (85,109) (33,40) (65,77)
(54,58) (31,34) (46,56) (6,6) (9,11) (56,58) (21,23) (54,68) (36,39) (71,90) (39,45) (89,107) (95,104) (5,5) (64,76) (23,26) (20,20) (15,18) (15,18) (21,23)
(31,37) (29,33) (85,105) (44,54) (37,38) (37,47) (3,3) (96,119) (39,45) (28,29) (24,25) (30,31) (28,31) (43,52) (51,52) (56,61) (80,92) (49,63) (82,101) (35,44)
(37,45) (74,86) (8,9) (47,51) (45,54) (88,111) (95,111) (48,60) (21,26) (38,43) (55,59) (26,31) (96,112) (67,74) (23,27) (17,22) (33,35) (33,42) (33,44) (67,79)
