# int__atai30_15_08  30 jobs  15 machines
30 15
2 13 1 9 8 12 4 10 11 3 6 7 14 5 0
6 3 0 10 13 7 4 14 11 5 1 8 12 9 2
4 6 12 11 0 7 14 13 5 1 9 8 10 2 3
11 4 14 0 1 9 2 8 5 10 12 3 7 13 6
0 5 11 1 7 4 14 13 2 6 3 9 8 12 10
11 5 3 2 0 1 4 12 7 8 13 14 9 6 10
11 9 6 7 2 14 12 5 1 3 10 13 4 8 0
4 11 8 2 5 6 12 7 13 0 9 1 10 3 14
1 2 12 7 5 13 10 9 4 14 0 8 11 6 3
11 12 8 7 10 3 6 9 2 1 0 13 4 5 14
3 2 14 7 9 6 10 0 11 1 5 8 12 13 4
1 5 13 6 8 10 3 2 12 0 9 4 14 7 11
2 8 13 5 9 0 12 1 6 3 7 11 14 4 10
11 12 9 13 10 4 5 7 8 3 2 0 1 14 6
11 13 12 7 6 5 0 1 3 9 4 8 14 10 2
0 2 1 6 9 3 12 5 13 8 7 4 14 10 11
14 8 1 3 13 4 0 2 10 11 12 6 7 9 5
3 5 10 1 4 6 8 14 7 11 12 9 13 2 0
0 12 1 13 3 4 9 14 11 10 8 5 2 7 6
1 9 13 7 0 10 2 11 14 12 8 6 4 3 5
4 2 3 12 13 10 6 7 9 8 14 11 5 0 1
8 11 3 6 12 2 10 9 7 4 13 14 0 5 1
4 1 6 10 8 3 11 12 2 9 0 5 14 13 7
13 9 5 12 6 8 3 1 7 2 11 14 4 10 0
3 10 14 5 11 7 8 13 1 6 4 9 12 0 2
0 12 6 1 4 9 7 10 14 5 13 11 8 3 2
10 2 0 5 4 9 13 14 12 8 7 3 1 6 11
9 3 8 13 4 6 14 5 2 12 0 10 11 1 7
14 2 6 10 1 5 11 7 0 9 13 4 12 8 3
6 7 12 5 4 9 1 13 2 10 8 14 11 0 3
(78,96) (58,69) (8,9) (85,108) (14,15) (18,20) (21,23) (51,61) (73,84) (32,34) (22,23) (66,72) (40,48) (25,32) (53,66)
(4,5) (76,80) (73,79) (58,67) (40,43) (27,31) (73,94) (58,64) (40,44) (14,16) (95,111) (56,59) (40,43) (65,71) (1,1)
(35,38) (63,69) (44,54) (78,95) (37,39) (43,50) (18,18) (45,54) (55,62) (76,85) (78,88) (26,27) (6,7) (21,26) (68,71)
(58,64) (61,75) (53,70) (26,33) (37,44) (49,55) (36,45) (30,32) (23,29) (72,90) (7,8) (71,74) (33,37) (31,35) (26,32)
(94,102) (32,35) (80,89) (22,24) (25,28) (12,14) (30,39) (60,69) (85,97) (76,80) (19,24) (35,41) (34,37) (34,36) (17,20)
(63,65) (11,14) (58,71) (69,78) (30,32) (74,88) (80,96) (30,33) (63,70) (89,96) (63,70) (78,81) (77,100) (69,73) (81,102)
(95,115) (27,32) (62,76) (79,89) (84,91) (10,10) (7,8) (16,21) (22,24) (45,54) (88,100) (1,1) (37,39) (37,39) (41,49)
(82,98) (91,112) (72,88) (90,106) (41,51) (28,34) (59,64) (77,93) (79,93) (40,43) (11,13) (43,56) (62,68) (22,25) (56,67)
(12,12) (87,112) (67,82) (87,110) (35,46) (56,68) (21,24) (71,91) (61,64) (37,49) (36,41) (81,104) (76,93) (65,70) (6,7)
(37,39) (65,67) (27,32) (11,13) (44,50) (20,21) (71,80) (46,58) (30,38) (24,28) (59,61) (88,93) (44,56) (46,52) (41,43)
(62,75) (17,19) (58,61) (26,30) (80,86) (7,7) (18,21) (50,58) (73,90) (9,9) (49,51) (56,72) (40,50) (61,74) (96,109)
(81,92) (88,101) (10,12) (45,57) (64,80) (72,77) (57,69) (92,111) (74,75) (45,50) (61,69) (84,105) (64,70) (28,34) (21,24)
(61,72) (9,10) (77,94) (37,46) (31,34) (62,72) (92,95) (62,78) (52,66) (99,105) (61,76) (10,10) (81,93) (42,47) (25,27)
(26,29) (44,56) (7,8) (48,58) (67,71) (78,87) (86,101) (63,72) (89,101) (49,53) (59,74) (29,35) (86,88) (40,50) (8,8)
(87,100) (8,10) (63,68) (55,63) (23,28) (5,5) (20,24) (6,6) (30,38) (40,48) (85,92) (73,80) (95,122) (43,52) (82,96)
(11,12) (93,110) (40,43) (94,115) (42,50) (50,61) (42,50) (39,43) (81,96) (1,1) (94,118) (35,38) (73,85) (70,85) (71,81)
(12,13) (74,79) (13,13) (30,38) (9,9) (39,46) (57,62) (24,26) (53,64) (59,66) (85,95) (55,58) (81,91) (12,13) (77,93)
(54,62) (4,5) (12,14) (42,42) (45,48) (86,110) (43,53) (32,39) (15,17) (70,90) (46,53) (71,90) (80,87) (77,88) (6,7)
(74,79) (43,53) (62,71) (17,18) (69,77) (19,21) (68,85) (69,74) (29,32) (96,103) (81,92) (35,41) (18,22) (33,34) (50,60)
(94,106) (41,45) (4,5) (25,30) (82,100) (33,40) (3,3) (59,61) (51,54) (67,81) (48,53) (42,49) (6,7) (7,8) (6,6)
(2,2) (81,88) (1,1) (75,90) (10,12) (2,2) (72,89) (10,11) (94,113) (3,3) (17,19) (53,66) (30,31) (84,100) (17,21)
(62,65) (6,6) (75,78) (82,98) (19,24) (28,30) (78,93) (76,81) (32,37) (74,93) (27,27) (84,98) (13,15) (36,43) (62,66)
(20,21) (69,78) (88,94) (58,69) (64,71) (38,40) (66,77) (75,89) (7,7) (44,47) (24,29) (48,61) (26,31) (72,94) (97,118)
(3,3) (22,27) (9,9) (66,81) (38,48) (49,63) (29,32) (91,101) (93,98) (8,9) (23,25) (27,31) (86,90) (9,11) (64,68)
(77,80) (33,39) (59,66) (83,98) (17,19) (61,69) (65,68) (2,2) (69,71) (87,110) (61,66) (3,3) (44,44) (57,62) (6,6)
(89,103) (23,29) (5,5) (30,31) (50,62) (52,61) (8,8) (14,19) (11,13) (51,62) (22,27) (82,83) (48,54) (77,82) (50,61)
(84,91) (61,69) (82,85) (87,93) (52,65) (16,20) (70,85) (13,14) (90,92) (92,110) (16,17) (13,14) (13,16) (66,74) (42,45)
(81,89) (61,67) (59,69) (25,28) (14,16) (69,79) (33,36) (59,63) (12,13) (2,2) (27,31) (51,56) (61,78) (14,17) (82,93)
(52,64) (80,91) (68,76) (82,88) (71,77) (80,82) (6,6) (41,48) (21,22) (21,25) (92,103) (24,30) (53,65) (5,6) (70,75)
(65,80) (69,77) (45,57) (33,37) (75,92) (34,42) (64,70) (82,89) (86,98) (67,79) (46,54) (56,65) (87,94) (22,23) (85,108)
