# int__atai50_20_04  50 jobs  20 machines
50 20
9 6 3 2 7 1 15 17 0 18 4 11 5 13 19 10 8 16 12 14
2 6 13 14 8 18 7 11 9 19 1 15 17 5 12 16 0 4 10 3
10 11 4 19 9 12 18 17 2 16 7 3 13 6 15 5 14 0 1 8
9 0 13 2 3 7 4 6 16 10 17 15 8 12 19 18 5 1 11 14
11 9 5 6 10 19 17 1 15 16 14 4 2 0 12 18 7 13 3 8
4 8 9 3 15 19 12 17 0 13 6 10 5 14 11 2 18 7 16 1
4 2 10 19 1 16 15 8 0 5 7 18 9 17 12 14 3 13 11 6
10 9 2 7 5 11 3 18 12 13 8 4 19 16 15 6 14 1 17 0
16 4 14 18 6 19 11 15 8 17 12 0 1 9 2 10 3 7 5 13
12 6 2 11 3 5 15 7 10 1 18 8 0 19 4 17 16 9 14 13
5 18 12 10 17 14 6 7 8 16 3 1 13 4 9 11 19 0 2 15
16 14 3 2 7 10 1 13 11 19 0 9 4 5 6 18 17 8 12 15
6 0 9 5 14 18 3 8 11 2 4 16 12 19 13 15 17 7 1 10
1 10 14 7 0 6 5 18 12 2 13 15 16 11 9 17 4 19 3 8
8 3 19 13 18 5 16 6 11 7 10 2 0 12 17 14 15 4 1 9
9 6 4 0 18 14 2 19 3 5 17 7 13 1 16 11 8 12 10 15
15 10 4 11 0 16 5 7 2 18 13 19 1 3 12 14 6 9 8 17
11 6 1 9 15 0 16 10 8 3 13 5 7 17 18 12 2 4 19 14
17 16 0 14 6 13 18 7 4 19 1 3 8 15 12 11 2 9 5 10
5 3 18 0 7 2 11 6 8 4 1 14 16 9 12 15 10 17 19 13
19 13 12 2 11 18 17 15 6 16 10 9 7 1 3 4 14 8 0 5
14 6 7 1 13 11 2 3 12 4 0 8 16 17 5 10 19 18 9 15
15 12 5 9 1 13 14 7 4 6 11 0 3 16 17 19 10 2 8 18
14 3 0 18 19 8 4 9 13 11 12 10 6 1 7 15 17 2 16 5
18 16 10 1 4 2 19 9 8 12 0 5 13 6 17 7 3 11 15 14
5 17 10 4 0 9 18 8 11 3 16 15 19 7 14 12 13 1 6 2
9 18 19 4 0 8 17 12 13 10 16 14 1 6 2 11 3 7 15 5
16 0 12 8 1 13 10 3 19 6 9 18 4 2 7 15 5 17 14 11
4 12 14 7 18 17 0 6 1 9 8 11 19 3 10 13 2 16 5 15
4 3 8 1 17 9 14 11 5 15 10 16 18 13 2 0 6 19 7 12
6 7 11 12 5 19 9 18 10 1 8 17 3 0 13 14 4 2 16 15
18 15 17 12 16 19 10 8 14 9 3 1 6 11 2 0 7 5 13 4
3 16 19 13 11 9 12 4 5 15 2 10 14 8 0 17 6 7 1 18
5 2 13 17 16 12 11 8 9 1 3 10 15 19 14 18 7 6 4 0
2 14 7 0 11 18 6 10 16 4 9 19 12 1 15 13 8 3 17 5
9 18 17 11 15 16 6 19 1 2 10 5 14 12 13 4 3 8 7 0
4 14 18 7 6 13 5 9 0 3 11 12 2 17 1 10 15 19 16 8
5 8 17 9 10 16 13 7 2 6 18 19 15 0 14 4 12 11 1 3
18 8 9 3 16 10 11 4 17 0 12 1 6 15 7 19 2 14 13 5
1 11 15 7 16 4 3 0 13 10 6 9 14 5 2 8 17 12 19 18
11 6 13 9 7 0 15 16 8 4 12 5 14 10 1 2 18 17 3 19
13 15 3 18 14 1 11 16 8 7 9 0 4 6 12 17 2 10 19 5
12 3 9 5 13 19 4 17 18 6 14 11 1 8 7 16 15 2 0 10
5 4 17 9 3 16 10 2 0 13 14 11 12 6 1 7 18 15 8 19
8 18 16 19 4 10 13 3 14 15 2 5 6 17 1 11 9 0 7 12
14 1 5 17 15 6 12 10 3 7 9 18 11 4 13 8 16 0 19 2
15 10 9 3 2 8 12 19 17 0 13 4 16 6 1 5 14 7 18 11
10 1 3 7 14 0 5 11 15 12 4 17 16 6 13 9 19 8 18 2
12 17 18 2 11 9 10 0 15 5 19 7 8 16 6 13 3 1 14 4
0 7 9 18 19 14 6 8 1 4 17 12 10 13 16 2 5 11 3 15
(60,73) (3,3) (74,88) (44,47) (42,49) (74,77) (42,43) (75,79) (19,25) (79,82) (39,40) (91,97) (13,14) (52,53) (29,35) (94,108) (80,100) (70,85) (36,43) (54,68)
(56,60) (89,111) (21,22) (42,53) (12,15) (93,113) (79,92) (56,61) (19,24) (79,85) (40,49) (84,103) (16,18) (6,7) (63,72) (61,75) (16,17) (12,12) (90,114) (38,46)
(91,96) (15,18) (50,58) (52,62) (65,76) (51,64) (25,30) (39,50) (13,15) (38,39) (57,63) (86,95) (43,47) (35,44) (32,41) (74,94) (13,16) (69,87) (42,45) (54,63)
(51,57) (82,82) (62,76) (65,76) (20,25) (65,81) (69,89) (34,39) (73,87) (58,73) (92,113) (27,34) (89,90) (56,70) (37,41) (14,16) (87,103) (17,18) (85,100) (14,16)
(24,27) (37,42) (10,11) (68,72) (79,95) (40,48) (74,93) (92,99) (83,106) (33,41) (42,43) (86,97) (17,20) (17,21) (88,103) (23,25) (95,115) (81,99) (75,84) (79,90)
(46,57) (20,21) (71,79) (93,113) (61,67) (64,81) (21,25) (2,2) (57,63) (36,47) (11,13) (11,12) (61,77) (26,31) (89,96) (63,76) (9,10) (49,60) (53,68) (15,16)
(33,38) (97,122) (49,50) (63,70) (74,86) (85,97) (41,47) (8,10) (62,68) (2,2) (86,105) (72,88) (25,32) (83,97) (50,61) (1,1) (40,49) (33,39) (73,78) (6,6)
(43,51) (81,101) (53,62) (19,24) (68,72) (15,19) (73,82) (27,31) (81,93) (12,15) (6,7) (95,97) (45,48) (83,95) (31,32) (34,39) (37,46) (74,90) (29,31) (36,39)
(62,76) (92,116) (7,7) (81,95) (69,71) (31,35) (35,41) (36,38) (95,112) (62,73) (51,53) (38,40) (64,69) (20,22) (15,16) (51,60) (81,101) (24,26) (63,80) (76,86)
(95,118) (24,25) (86,107) (61,62) (10,12) (74,89) (44,52) (47,49) (88,105) (40,51) (35,41) (66,86) (36,39) (82,105) (14,14) (33,40) (82,91) (29,30) (36,41) (4,5)
(29,32) (43,53) (55,65) (51,63) (48,50) (41,45) (1,1) (32,36) (97,116) (47,55) (84,102) (50,66) (55,62) (40,50) (10,11) (56,59) (77,84) (27,30) (33,34) (32,36)
(5,6) (92,107) (36,40) (61,78) (65,67) (39,40) (91,113) (50,53) (8,9) (35,40) (61,78) (17,20) (87,91) (15,16) (32,39) (11,14) (10,12) (80,93) (54,68) (28,29)
(19,24) (7,9) (23,29) (23,26) (11,14) (37,46) (53,70) (72,82) (21,26) (29,35) (11,12) (82,104) (1,1) (22,27) (6,6) (44,56) (68,83) (25,28) (1,1) (77,89)
(55,72) (59,67) (53,60) (75,94) (53,66) (27,31) (76,91) (12,15) (51,57) (31,31) (11,12) (77,88) (7,8) (89,106) (11,12) (82,85) (5,5) (66,77) (18,24) (23,30)
(71,84) (25,31) (89,95) (71,88) (27,34) (15,16) (30,35) (67,80) (42,52) (48,55) (67,80) (87,94) (3,3) (1,1) (91,95) (51,63) (41,49) (31,38) (52,54) (54,59)
(56,58) (1,1) (88,101) (80,101) (95,103) (63,79) (7,8) (21,25) (28,32) (47,59) (68,83) (67,84) (58,70) (51,56) (57,66) (19,20) (24,28) (66,73) (65,78) (67,74)
(5,6) (46,53) (18,22) (64,74) (40,51) (8,9) (50,62) (11,13) (66,74) (65,72) (45,56) (15,17) (18,21) (12,15) (11,12) (11,12) (67,80) (2,2) (5,6) (98,115)
(47,58) (35,41) (55,67) (67,83) (95,120) (16,16) (89,103) (36,41) (13,14) (58,67) (10,11) (87,105) (64,65) (44,53) (77,91) (63,71) (30,38) (10,10) (54,59) (7,8)
(44,46) (3,3) (56,61) (42,52) (33,35) (26,33) (74,87) (88,95) (31,35) (4,4) (95,116) (24,26) (7,9) (71,75) (44,57) (14,17) (64,81) (85,108) (52,62) (6,7)
(63,68) (28,30) (4,5) (68,81) (44,51) (56,61) (86,107) (63,71) (16,19) (18,20) (9,11) (25,31) (25,32) (62,72) (43,55) (10,11) (94,107) (99,104) (45,56) (78,97)
(30,37) (9,9) (37,44) (81,89) (69,80) (21,25) (23,24) (97,102) (48,57) (35,41) (12,13) (10,11) (41,45) (1,1) (32,39) (7,8) (15,17) (45,52) (27,32) (3,4)
(44,45) (56,67) (91,115) (30,33) (66,80) (51,56) (62,72) (90,115) (71,77) (52,61) (65,82) (23,25) (9,11) (30,31) (84,86) (49,53) (19,20) (75,78) (3,4) (37,48)
(44,57) (11,14) (57,60) (27,32) (75,79) (85,99) (49,53) (45,57) (21,26) (16,18) (23,28) (79,82) (5,6) (56,64) (77,81) (42,42) (45,50) (98,104) (47,59) (54,60)
(17,19) (36,44) (18,19) (75,79) (30,37) (85,93) (68,85) (18,20) (28,31) (41,50) (56,71) (8,9) (37,39) (17,18) (22,27) (91,99) (89,109) (1,1) (76,98) (33,42)
(28,31) (84,89) (88,100) (43,48) (62,71) (6,7) (68,70) (4,5) (93,94) (70,86) (75,95) (80,99) (21,26) (44,54) (10,12) (83,100) (48,53) (73,79) (38,40) (54,60)
(65,83) (74,86) (90,94) (68,79) (13,16) (71,82) (95,105) (15,17) (75,81) (37,40) (76,84) (67,77) (29,36) (83,95) (91,104) (39,41) (3,4) (39,46) (86,91) (86,99)
(86,100) (76,95) (59,72) (59,73) (34,35) (4,4) (52,55) (58,69) (20,22) (29,30) (6,6) (60,71) (92,100) (90,97) (54,60) (12,14) (91,93) (21,23) (2,2) (89,100)
(62,76) (82,101) (75,79) (70,87) (39,45) (41,52) (4,4) (66,77) (62,72) (79,86) (8,10) (60,63) (32,34) (97,102) (92,94) (97,117) (35,42) (88,109) (56,67) (26,32)
(94,114) (5,6) (89,103) (1,1) (51,57) (85,90) (53,59) (79,94) (54,64) (15,16) (55,59) (10,10) (20,22) (70,91) (57,67) (30,35) (13,16) (6,6) (48,59) (27,30)
(3,4) (92,97) (11,14) (66,82) (18,23) (81,92) (63,77) (95,107) (70,75) (73,78) (20,22) (61,70) (88,109) (96,100) (60,69) (61,71) (93,108) (13,14) (32,40) (61,66)
(51,64) (66,80) (42,54) (4,5) (60,63) (83,102) (82,104) (41,46) (55,60) (66,76) (67,83) (68,86) (76,86) (66,77) (1,1) (12,13) (64,68) (93,117) (41,49) (43,46)
(22,26) (25,30) (20,22) (14,17) (62,77) (6,7) (95,97) (65,75) (56,67) (74,83) (66,75) (55,61) (83,100) (55,70) (24,28) (33,35) (62,70) (1,1) (82,101) (69,76)
(41,47) (95,102) (63,69) (49,60) (1,1) (16,20) (72,84) (52,61) (84,109) (37,38) (46,59) (53,65) (43,47) (49,59) (46,49) (73,90) (79,95) (59,67) (45,48) (60,62)
(59,70) (50,59) (86,104) (7,7) (10,11) (12,14) (48,58) (64,78) (64,78) (40,41) (46,52) (59,71) (41,49) (1,1) (96,102) (66,81) (81,95) (34,42) (26,30) (39,44)
(7,9) (50,63) (80,94) (58,69) (4,5) (51,65) (85,92) (31,40) (53,56) (36,41) (68,83) (42,45) (57,61) (54,57) (61,66) (71,89) (52,66) (55,56) (33,40) (34,42)
(98,111) (30,32) (88,104) (66,77) (72,89) (72,83) (68,83) (28,33) (92,111) (85,96) (86,110) (70,74) (5,5) (21,22) (10,13) (3,3) (3,3) (28,30) (26,31) (39,41)
(73,82) (69,81) (87,103) (31,31) (38,40) (69,76) (5,6) (58,64) (13,15) (31,40) (22,25) (1,1) (55,60) (52,64) (83,85) (46,49) (90,93) (82,104) (13,16) (10,10)
(55,56) (91,108) (47,54) (79,100) (21,26) (80,89) (95,119) (5,6) (72,87) (6,6) (62,62) (39,44) (56,65) (17,20) (93,111) (86,101) (17,21) (48,59) (44,47) (46,49)
(44,46) (54,66) (13,15) (15,19) (91,109) (19,20) (18,20) (5,6) (60,65) (75,95) (61,71) (14,15) (22,27) (22,23) (3,4) (77,95) (87,94) (82,91) (86,97) (23,27)
(10,12) (68,78) (5,5) (36,40) (41,43) (64,75) (94,123) (27,29) (29,34) (78,88) (89,98) (62,68) (36,43) (56,57) (11,14) (76,84) (2,2) (18,21) (32,35) (53,63)
(88,105) (79,85) (26,30) (51,65) (40,49) (53,65) (6,6) (77,95) (52,61) (91,111) (82,88) (63,81) (11,12) (68,75) (87,98) (76,96) (48,53) (7,7) (31,37) (45,50)
(29,32) (6,7) (63,69) (31,38) (41,49) (35,42) (90,107) (64,80) (53,59) (65,79) (52,57) (13,14) (6,7) (34,40) (72,86) (58,73) (41,49) (96,116) (23,27) (74,83)
(69,81) (45,51) (31,35) (33,38) (65,69) (10,10) (32,39) (31,33) (5,5) (4,5) (39,46) (13,14) (23,28) (13,13) (14,15) (81,92) (35,42) (18,20) (1,1) (23,23)
(43,46) (33,40) (16,16) (90,113) (84,95) (5,5) (71,91) (42,50) (80,94) (23,24) (52,54) (81,101) (5,5) (67,81) (44,47) (81,93) (7,7) (44,49) (90,100) (94,99)
(62,70) (96,101) (46,52) (16,19) (75,85) (48,60) (59,68) (59,76) (84,105) (36,42) (86,105) (17,18) (36,40) (10,11) (1,1) (34,41) (10,12) (41,47) (51,61) (54,57)
(76,96) (86,99) (75,77) (48,58) (87,99) (66,73) (48,58) (1,1) (76,86) (94,110) (45,47) (49,58) (79,99) (18,21) (59,66) (64,74) (36,44) (8,9) (47,48) (29,34)
(55,65) (62,76) (15,17) (13,14) (39,49) (44,51) (73,90) (33,34) (1,1) (55,58) (2,2) (94,118) (12,14) (17,20) (19,24) (18,23) (45,53) (92,119) (74,87) (73,84)
(11,13) (85,106) (80,91) (8,10) (70,90) (15,17) (8,8) (75,92) (23,27) (77,82) (53,61) (29,33) (13,14) (65,71) (62,67) (56,61) (19,23) (18,22) (44,56) (5,6)
(96,104) (70,87) (13,13) (33,42) (5,6) (82,94) (57,68) (21,26) (39,50) (3,3) (8,10) (63,65) (23,27) (64,71) (3,3) (34,38) (59,64) (7,8) (31,38) (43,53)
(31,35) (16,18) (52,59) (70,84) (52,63) (64,78) (71,82) (39,42) (55,57) (31,37) (40,44) (26,31) (52,59) (72,83) (1,1) (14,14) (5,6) (13,15) (82,93) (19,21)
