# int__atai50_15_02  50 jobs  15 machines
50 15
1 12 2 6 10 0 11 9 4 7 5 13 14 3 8
7 1 0 11 4 9 10 2 5 6 13 12 8 3 14
9 3 5 10 8 6 12 4 7 0 13 14 11 2 1
10 7 3 12 8 0 5 6 11 1 14 9 2 4 13
11 0 9 3 7 13 8 6 5 1 2 12 14 10 4
2 4 14 7 1 8 0 6 5 10 13 3 9 12 11
4 3 7 10 9 8 2 13 14 11 1 6 5 0 12
13 14 2 12 5 8 10 4 0 3 7 11 1 9 6
14 6 1 3 0 7 4 9 10 8 12 2 11 13 5
4 3 7 6 0 8 10 1 11 12 13 9 5 14 2
1 3 14 8 2 5 9 6 12 0 7 10 11 4 13
12 2 4 6 11 9 3 7 8 5 10 14 1 13 0
6 14 2 11 0 3 12 5 1 8 13 9 7 10 4
5 11 4 0 9 10 14 12 3 7 1 8 2 13 6
8 3 14 12 9 10 4 5 13 7 2 11 1 6 0
11 4 13 0 14 5 9 10 12 6 3 2 8 1 7
14 0 5 4 10 1 8 9 12 11 3 13 7 6 2
14 13 1 9 8 12 6 10 0 11 7 4 3 2 5
10 0 12 4 7 1 6 5 3 2 9 8 11 13 14
2 8 10 0 11 14 6 1 4 7 13 12 5 3 9
3 14 11 7 0 9 12 13 4 8 1 10 5 6 2
9 8 7 1 0 3 6 14 2 4 5 10 13 11 12
10 14 6 9 13 5 7 0 12 11 8 2 3 1 4
12 2 0 5 13 9 6 14 1 8 3 7 4 10 11
4 1 14 7 6 2 10 0 11 5 13 3 8 12 9
0 14 11 4 6 1 10 8 3 13 9 12 7 2 5
4 3 0 10 6 9 5 14 7 1 12 2 11 13 8
7 9 2 4 14 10 8 1 3 13 11 0 5 12 6
6 10 11 14 9 0 1 2 7 8 5 3 12 4 13
8 12 14 7 11 0 10 13 2 6 3 9 5 4 1
9 5 12 7 14 1 0 6 3 4 2 8 13 10 11
4 5 10 1 0 2 8 9 14 12 6 13 11 3 7
9 7 0 10 13 14 8 12 1 2 4 6 11 3 5
1 8 0 12 5 11 2 4 7 14 9 6 10 3 13
14 8 5 9 6 0 13 3 2 12 7 4 1 11 10
5 12 8 14 0 1 10 3 9 4 7 2 13 6 11
4 0 11 14 5 1 6 7 9 12 8 3 10 2 13
7 2 10 14 6 3 8 0 1 13 4 12 5 11 9
8 6 5 2 7 3 0 13 14 9 1 10 12 11 4
2 11 14 0 6 7 13 5 12 8 10 1 4 9 3
9 12 7 8 11 14 5 10 13 1 2 0 4 6 3
12 10 0 13 4 8 3 1 7 9 6 14 11 2 5
14 7 8 4 6 13 5 9 3 0 1 2 12 10 11
14 6 3 11 1 2 10 5 8 9 12 7 4 13 0
12 3 0 11 4 2 7 1 6 10 8 5 13 14 9
2 7 0 4 5 10 13 1 11 3 9 12 8 14 6
6 3 0 8 10 9 4 7 2 13 14 11 1 12 5
8 2 5 10 6 7 0 11 1 9 4 14 3 13 12
5 11 3 12 7 6 2 0 13 9 14 1 4 10 8
3 11 5 6 1 2 10 8 13 14 12 9 4 0 7
(17,20) (52,59) (59,65) (74,91) (37,47) (43,51) (28,34) (47,55) (93,115) (38,42) (61,72) (74,91) (58,62) (78,95) (10,11)
(18,19) (59,62) (85,98) (39,45) (52,55) (37,44) (43,49) (38,46) (7,9) (9,11) (93,100) (65,72) (57,66) (27,32) (63,77)
(42,48) (11,13) (90,108) (70,79) (56,64) (48,56) (44,50) (20,26) (92,101) (51,52) (13,15) (69,75) (75,94) (42,45) (53,64)
(92,107) (46,54) (80,97) (61,68) (37,40) (23,26) (17,19) (7,8) (47,50) (4,4) (68,70) (38,42) (25,26) (83,102) (52,64)
(48,56) (79,99) (46,60) (3,3) (7,8) (67,81) (51,58) (45,50) (1,1) (50,54) (36,41) (25,30) (82,95) (84,103) (14,15)
(49,60) (41,52) (60,67) (83,101) (14,15) (25,30) (59,65) (63,74) (82,91) (7,8) (80,86) (84,89) (54,64) (22,28) (15,20)
(55,63) (78,83) (96,109) (34,42) (3,3) (79,94) (39,43) (42,49) (42,49) (95,121) (96,101) (2,2) (47,49) (96,107) (8,9)
(59,72) (83,96) (94,105) (64,68) (58,72) (64,64) (14,17) (38,45) (93,110) (13,13) (23,26) (61,78) (62,74) (55,60) (71,91)
(91,101) (4,5) (27,34) (41,43) (92,111) (54,63) (83,89) (19,23) (22,27) (23,29) (96,104) (86,104) (41,47) (69,74) (92,119)
(55,60) (31,32) (70,84) (87,99) (6,7) (49,61) (64,70) (92,114) (25,29) (16,19) (59,75) (4,5) (13,16) (46,49) (35,38)
(7,7) (79,98) (92,102) (51,61) (89,104) (28,30) (72,74) (16,19) (46,54) (44,55) (49,53) (64,79) (71,87) (2,2) (10,12)
(82,100) (83,101) (90,102) (34,40) (51,63) (6,6) (89,100) (97,118) (9,11) (37,44) (3,3) (15,15) (37,47) (52,58) (34,37)
(14,17) (28,30) (47,52) (53,63) (93,102) (7,7) (13,16) (28,31) (30,35) (45,58) (49,58) (51,64) (24,28) (89,100) (82,94)
(16,16) (43,52) (80,94) (2,2) (83,95) (69,84) (49,51) (26,29) (61,68) (32,38) (82,104) (1,1) (25,30) (8,9) (11,14)
(88,107) (19,22) (53,62) (27,32) (38,45) (57,60) (65,69) (70,76) (75,95) (30,32) (55,66) (93,111) (9,10) (55,71) (81,100)
(23,30) (92,109) (91,91) (56,67) (68,86) (70,74) (81,85) (47,54) (94,115) (71,75) (18,20) (21,23) (32,39) (70,89) (80,94)
(83,106) (5,6) (90,94) (1,1) (66,70) (48,52) (51,62) (13,16) (79,98) (79,98) (42,51) (1,1) (70,79) (46,56) (61,67)
(18,20) (44,55) (49,62) (14,14) (3,3) (81,84) (4,5) (54,64) (92,113) (75,95) (63,76) (67,77) (31,33) (19,23) (48,56)
(52,54) (32,38) (87,102) (13,15) (72,76) (46,49) (51,52) (56,65) (71,78) (13,15) (54,66) (92,114) (47,59) (32,38) (8,8)
(70,77) (1,1) (8,8) (60,64) (7,7) (5,6) (29,33) (68,72) (71,74) (76,90) (36,39) (70,80) (31,34) (76,84) (41,45)
(91,110) (94,118) (93,115) (87,98) (4,5) (12,13) (33,36) (11,13) (16,19) (20,23) (72,82) (68,73) (13,15) (50,55) (81,102)
(86,89) (37,42) (80,100) (67,77) (63,72) (19,23) (82,91) (46,57) (84,99) (83,105) (1,1) (57,68) (89,106) (22,25) (79,84)
(57,71) (17,21) (55,63) (26,31) (47,58) (37,40) (74,83) (90,111) (11,12) (21,26) (69,86) (68,83) (45,48) (89,95) (67,71)
(90,110) (17,18) (6,7) (57,66) (45,56) (87,105) (33,40) (25,30) (21,26) (95,106) (39,42) (61,73) (94,112) (17,18) (20,20)
(86,99) (79,86) (3,3) (95,118) (53,59) (37,46) (27,30) (30,37) (46,49) (4,5) (45,47) (11,12) (67,86) (53,57) (42,50)
(82,101) (48,62) (59,60) (15,19) (66,79) (54,56) (25,31) (43,54) (91,111) (73,85) (75,93) (93,119) (22,26) (17,20) (4,5)
(91,109) (10,10) (86,91) (63,72) (12,14) (70,81) (17,17) (6,7) (83,93) (28,34) (54,57) (69,89) (43,44) (48,50) (29,30)
(46,54) (41,45) (42,50) (95,105) (14,17) (9,11) (20,22) (67,73) (83,93) (63,76) (37,45) (78,98) (29,30) (56,57) (10,11)
(27,31) (63,67) (83,103) (50,63) (50,59) (82,90) (81,86) (57,63) (43,52) (77,84) (49,53) (10,13) (62,69) (65,75) (85,97)
(31,35) (38,42) (86,99) (18,20) (9,9) (32,39) (42,50) (59,60) (51,55) (89,108) (56,63) (37,44) (15,16) (17,22) (78,85)
(13,16) (30,38) (95,116) (93,109) (80,97) (67,80) (7,8) (89,105) (47,56) (31,36) (89,112) (87,91) (10,12) (2,2) (2,2)
(22,22) (38,39) (25,25) (24,29) (84,103) (48,49) (67,74) (17,18) (20,20) (7,8) (89,96) (90,113) (63,71) (55,58) (59,72)
(93,98) (13,16) (58,67) (20,24) (5,5) (26,29) (25,32) (6,6) (20,20) (4,4) (58,74) (36,45) (2,2) (45,47) (50,61)
(49,55) (36,44) (24,31) (27,31) (44,49) (22,28) (33,42) (8,8) (66,81) (43,47) (46,46) (12,15) (4,5) (16,19) (6,7)
(12,12) (80,97) (59,71) (76,85) (96,116) (43,54) (24,31) (25,28) (29,35) (17,17) (12,13) (37,41) (57,62) (24,29) (55,67)
(3,3) (43,45) (4,5) (84,106) (61,67) (35,39) (79,98) (21,27) (19,24) (59,70) (25,29) (44,48) (37,45) (96,110) (71,81)
(37,43) (47,50) (54,56) (72,84) (62,76) (22,25) (43,45) (91,96) (7,8) (65,69) (21,27) (42,50) (57,64) (36,38) (79,94)
(48,52) (72,83) (48,54) (66,76) (31,38) (95,101) (31,39) (46,51) (10,12) (79,89) (90,99) (28,34) (12,13) (97,99) (13,15)
(59,70) (14,17) (52,60) (10,13) (96,120) (4,5) (54,69) (17,18) (17,21) (28,30) (83,85) (56,70) (80,96) (99,111) (4,5)
(78,85) (89,97) (23,26) (20,23) (90,107) (51,55) (48,54) (1,1) (23,28) (85,90) (6,6) (71,90) (12,13) (1,1) (3,3)
(36,37) (38,49) (39,49) (14,14) (77,89) (23,27) (47,60) (26,32) (88,99) (4,5) (67,70) (74,92) (96,98) (14,15) (73,77)
(59,71) (48,55) (54,57) (8,9) (73,87) (25,25) (41,49) (65,72) (10,10) (90,107) (66,76) (32,40) (51,55) (43,51) (94,116)
(44,48) (36,42) (76,90) (34,39) (23,27) (1,1) (49,55) (87,93) (92,96) (89,91) (46,56) (2,2) (48,53) (8,10) (82,98)
(44,52) (6,6) (31,38) (49,53) (11,13) (42,51) (96,122) (79,91) (42,47) (95,98) (75,95) (9,9) (55,68) (29,33) (9,11)
(46,55) (83,106) (49,52) (39,42) (83,96) (84,93) (18,18) (47,55) (87,99) (92,107) (97,115) (85,89) (55,65) (72,88) (46,50)
(43,48) (52,58) (95,120) (91,105) (32,35) (33,39) (65,77) (22,26) (47,50) (95,98) (8,9) (83,99) (77,87) (6,7) (59,71)
(83,88) (96,118) (16,18) (32,39) (45,54) (92,95) (11,13) (79,88) (7,7) (18,20) (29,30) (17,18) (56,58) (78,97) (79,86)
(17,18) (9,11) (16,20) (65,65) (86,105) (36,42) (52,56) (39,49) (34,40) (23,29) (68,87) (51,56) (30,32) (78,94) (2,2)
(63,72) (88,105) (38,39) (95,120) (95,104) (14,15) (81,89) (73,84) (92,116) (84,90) (10,12) (17,22) (17,18) (4,4) (55,63)
(66,78) (64,69) (73,83) (3,3) (72,82) (94,119) (74,75) (55,63) (28,32) (93,102) (81,87) (64,77) (18,20) (17,22) (37,42)
