# int__atai30_15_05  30 jobs  15 machines
30 15
3 11 14 5 8 6 13 0 1 2 9 10 7 12 4
0 3 4 8 9 10 5 1 12 7 13 14 2 6 11
12 10 5 8 7 14 11 2 1 6 13 4 9 3 0
5 0 9 1 8 14 10 7 11 13 3 4 12 2 6
12 6 3 11 2 8 14 5 0 9 13 4 7 1 10
6 7 14 13 0 2 8 4 11 9 3 12 10 5 1
8 12 9 7 11 5 6 14 4 13 0 1 10 2 3
12 7 10 1 5 4 9 13 2 0 3 6 11 8 14
8 7 13 12 10 6 1 3 4 2 0 14 5 9 11
8 7 6 3 14 1 0 2 12 11 10 5 4 9 13
2 8 13 11 1 5 12 3 6 10 7 4 0 14 9
1 6 8 4 7 5 13 0 14 11 10 3 12 2 9
14 13 9 8 7 12 1 4 10 6 2 3 0 5 11
9 2 6 1 0 3 12 14 8 7 4 5 11 13 10
11 10 8 3 5 7 2 14 13 6 9 0 4 1 12
0 13 8 6 3 10 7 11 2 14 5 9 1 4 12
9 5 1 12 11 2 14 7 4 8 3 6 13 10 0
13 12 4 2 8 11 14 10 1 3 6 5 7 0 9
12 14 10 5 2 7 11 13 8 6 3 9 1 0 4
7 12 0 10 13 8 6 5 9 1 14 3 11 4 2
6 12 7 11 13 14 3 9 10 4 1 8 2 5 0
9 2 3 1 10 11 5 8 6 14 0 13 7 12 4
0 14 1 12 5 8 11 10 13 6 9 2 4 3 7
8 10 13 5 7 9 6 0 11 12 1 14 4 3 2
3 10 9 0 5 2 12 4 14 8 6 11 7 1 13
10 7 12 3 0 8 6 14 5 11 9 4 2 1 13
0 13 2 12 5 11 6 8 4 9 3 7 10 1 14
14 3 0 7 8 9 12 10 4 11 13 5 1 2 6
13 1 5 6 2 14 8 7 9 10 3 11 4 12 0
10 7 1 14 8 5 2 13 0 4 9 12 11 3 6
(4,4) (26,30) (90,97) (75,86) (74,89) (15,19) (37,47) (70,87) (80,81) (93,112) (94,102) (5,6) (43,44) (9,10) (23,28)
(45,58) (46,58) (68,75) (82,90) (25,27) (33,36) (8,10) (30,32) (62,69) (88,109) (2,2) (89,98) (53,62) (25,29) (36,41)
(84,97) (53,60) (73,84) (78,87) (17,18) (1,1) (25,31) (35,43) (12,13) (53,61) (69,89) (6,7) (42,51) (87,111) (95,108)
(25,26) (10,12) (67,81) (37,47) (96,105) (49,56) (97,100) (50,58) (19,23) (74,83) (6,7) (90,114) (19,20) (37,41) (33,42)
(10,11) (32,32) (90,112) (22,23) (53,61) (57,72) (6,7) (75,83) (35,41) (56,63) (15,16) (22,26) (59,59) (40,48) (60,76)
(12,13) (57,61) (95,103) (91,105) (89,110) (7,8) (92,108) (10,12) (23,23) (47,52) (80,96) (61,80) (14,14) (90,93) (69,72)
(43,44) (1,1) (27,33) (29,37) (25,30) (3,3) (91,116) (76,85) (6,6) (41,44) (17,17) (74,83) (28,29) (61,76) (57,68)
(13,14) (58,61) (26,30) (56,61) (54,61) (6,7) (47,59) (42,44) (27,32) (27,30) (42,46) (31,34) (11,13) (5,6) (25,26)
(14,17) (47,57) (20,25) (31,38) (28,30) (39,41) (63,67) (24,28) (47,53) (4,4) (64,77) (26,32) (9,10) (74,84) (15,17)
(68,81) (93,101) (51,54) (21,27) (85,102) (84,90) (36,42) (83,90) (2,2) (91,100) (1,1) (16,19) (69,72) (95,118) (41,47)
(5,6) (27,32) (76,90) (23,28) (60,65) (66,71) (34,39) (22,24) (89,104) (44,46) (65,78) (62,64) (61,73) (24,25) (77,80)
(69,73) (24,25) (64,78) (28,30) (51,52) (84,97) (68,78) (24,30) (55,63) (20,21) (23,30) (37,43) (32,37) (71,79) (64,71)
(4,5) (4,5) (33,36) (21,22) (59,67) (52,63) (67,77) (66,76) (79,80) (54,64) (28,33) (94,104) (83,96) (66,70) (48,58)
(86,90) (77,97) (49,51) (37,40) (50,65) (7,8) (31,36) (45,57) (59,60) (36,43) (14,16) (65,68) (71,83) (79,85) (93,110)
(34,40) (85,96) (94,122) (76,84) (86,99) (13,14) (92,113) (25,29) (48,59) (73,84) (89,99) (40,45) (53,65) (10,12) (97,113)
(41,50) (15,17) (44,46) (39,50) (35,42) (69,87) (52,61) (35,42) (97,109) (71,79) (88,106) (42,45) (34,41) (76,90) (16,18)
(44,47) (53,59) (71,83) (79,85) (88,96) (60,75) (33,36) (73,82) (39,46) (46,54) (68,80) (81,102) (25,31) (42,47) (78,99)
(76,94) (40,46) (41,50) (74,84) (68,82) (41,49) (25,27) (34,40) (8,10) (74,90) (57,62) (56,63) (80,92) (12,15) (89,90)
(93,103) (52,58) (3,3) (49,57) (73,81) (36,37) (49,61) (70,84) (97,109) (44,51) (88,111) (2,2) (1,1) (95,105) (89,100)
(7,8) (88,92) (30,39) (43,44) (2,2) (64,68) (61,66) (21,23) (23,28) (90,96) (68,86) (30,33) (10,12) (93,117) (85,94)
(45,52) (14,17) (23,26) (68,73) (55,61) (67,79) (56,59) (91,108) (64,69) (54,61) (13,14) (32,36) (64,75) (34,36) (21,25)
(38,41) (35,42) (89,109) (64,79) (67,77) (91,94) (46,52) (75,82) (91,105) (44,54) (33,38) (56,71) (71,78) (49,51) (76,89)
(96,107) (10,12) (86,111) (58,65) (5,5) (17,19) (24,26) (83,98) (36,45) (56,67) (17,20) (98,121) (40,44) (69,79) (34,43)
(92,116) (67,71) (46,58) (94,107) (30,31) (28,30) (22,25) (25,28) (95,117) (12,14) (58,69) (66,77) (87,96) (1,1) (23,30)
(89,106) (21,22) (41,46) (76,94) (8,8) (9,10) (65,80) (1,1) (57,60) (35,37) (54,67) (50,58) (85,89) (81,100) (33,34)
(31,36) (91,106) (66,69) (72,85) (22,27) (82,96) (40,41) (74,94) (46,54) (79,93) (86,101) (81,96) (43,43) (67,76) (67,72)
(61,78) (57,68) (62,78) (53,62) (21,26) (77,85) (33,42) (92,98) (7,8) (66,80) (15,19) (86,94) (52,62) (95,111) (25,31)
(13,16) (91,115) (85,106) (15,16) (40,42) (19,23) (58,76) (8,10) (8,9) (56,62) (14,15) (87,111) (16,18) (35,38) (57,72)
(2,2) (87,104) (8,9) (2,2) (12,13) (35,40) (6,7) (70,81) (79,83) (36,40) (19,20) (77,82) (18,20) (12,14) (58,72)
(4,4) (9,9) (7,8) (57,67) (28,36) (38,45) (55,58) (17,22) (69,77) (14,17) (45,56) (74,91) (77,91) (97,104) (9,11)
