# int__atai50_20_08  50 jobs  20 machines
50 20
4 3 18 17 12 13 14 6 7 11 1 5 16 8 9 15 10 0 19 2
13 5 14 18 1 19 11 6 3 7 2 8 4 10 15 12 17 9 0 16
5 3 18 15 11 19 12 1 6 17 4 13 14 0 9 8 10 7 2 16
13 9 6 0 7 8 1 3 15 10 5 18 2 16 4 19 11 12 17 14
1 11 19 18 0 8 4 7 5 2 6 13 15 16 9 17 10 14 12 3
5 9 6 13 8 17 10 19 18 4 14 11 3 12 2 16 15 1 0 7
8 0 4 15 2 14 18 16 11 17 6 7 5 3 13 9 10 1 19 12
5 13 1 6 17 8 0 7 10 16 15 12 2 19 14 18 11 9 4 3
16 15 18 2 14 0 12 6 3 11 9 17 19 13 5 8 7 1 4 10
18 12 9 5 11 6 19 14 1 4 17 16 3 8 13 15 10 2 7 0
2 3 13 0 9 7 19 17 8 1 14 18 6 16 5 15 12 10 4 11
7 14 16 5 19 8 1 3 11 0 17 15 2 9 18 13 10 12 6 4
10 17 11 9 19 1 15 4 18 14 7 16 12 2 5 0 13 8 6 3
8 2 17 19 10 14 13 16 12 11 6 18 3 9 5 0 4 7 1 15
10 11 7 18 17 14 16 1 9 8 2 12 3 19 15 5 4 0 13 6
5 11 9 18 12 8 2 14 1 15 7 6 16 0 4 10 19 17 3 13
12 7 16 5 6 15 17 0 13 8 19 10 2 4 18 14 9 3 1 11
9 4 17 14 10 0 18 2 13 16 6 19 12 8 3 7 11 1 15 5
5 13 1 14 0 6 19 3 7 10 9 4 11 18 17 2 15 16 8 12
4 0 13 2 1 3 15 12 11 6 9 18 5 8 19 16 17 14 7 10
10 1 15 17 9 6 18 4 19 7 13 5 3 11 0 14 8 12 2 16
10 11 13 7 4 17 3 9 19 14 6 2 15 16 12 18 8 5 1 0
7 4 5 12 9 13 3 17 11 16 8 19 10 14 18 6 15 0 2 1
18 6 19 9 17 10 14 15 16 0 11 5 13 7 2 3 12 1 8 4
6 15 7 14 5 8 2 9 17 11 19 12 10 1 18 16 13 3 0 4
9 4 7 18 5 1 13 10 15 3 2 19 12 11 17 14 0 6 16 8
16 19 13 18 1 3 9 8 12 11 10 0 15 7 2 5 4 6 17 14
7 4 17 12 15 1 3 5 11 14 8 13 19 10 18 6 9 16 2 0
16 8 12 19 18 7 4 13 6 14 17 3 10 1 9 11 0 2 15 5
14 4 12 19 17 9 18 8 5 13 6 2 10 15 1 11 3 0 7 16
15 8 17 9 19 18 10 0 5 7 6 13 12 3 4 11 1 14 16 2
16 9 12 13 6 5 11 18 17 4 10 0 3 15 1 7 8 14 19 2
16 10 7 15 9 3 14 5 1 11 12 18 2 19 4 0 17 6 8 13
10 6 18 14 2 7 17 8 5 1 4 15 12 3 11 13 9 0 19 16
16 3 2 11 7 14 9 15 1 6 10 18 0 19 5 13 8 17 12 4
4 13 3 15 19 10 18 11 14 16 1 2 9 6 5 7 8 12 17 0
4 3 18 2 0 17 14 8 15 13 9 16 1 5 19 11 10 7 12 6
12 14 5 2 3 9 7 11 13 10 4 18 0 15 1 16 8 17 19 6
13 0 11 8 18 17 10 19 16 15 6 1 5 4 14 2 12 9 3 7
3 0 13 8 5 1 7 4 17 11 10 12 2 19 16 9 14 6 15 18
7 19 15 5 3 1 12 11 4 0 8 16 17 2 10 18 9 6 14 13
9 19 8 3 17 10 16 13 11 14 0 15 1 12 7 4 2 6 18 5
19 13 11 6 2 12 7 14 0 15 8 17 16 18 1 3 5 9 10 4
8 10 17 16 18 9 15 1 5 6 2 3 7 0 19 12 11 13 4 14
11 8 10 7 0 15 5 17 19 18 16 2 3 14 6 9 1 13 4 12
11 14 13 1 9 5 7 18 4 2 19 15 0 17 12 6 16 10 3 8
6 15 19 16 5 12 11 4 0 2 3 8 10 7 1 17 14 18 9 13
12 15 14 3 1 2 9 11 16 6 10 17 8 18 4 13 0 5 19 7
6 9 10 11 12 18 0 4 1 2 13 8 16 7 3 14 5 19 15 17
3 2 8 19 15 13 6 4 14 16 10 5 17 7 11 18 1 9 12 0
(8,9) (40,42) (4,4) (51,54) (45,49) (64,68) (63,74) (17,22) (71,79) (10,12) (68,76) (64,81) (61,67) (51,58) (33,36) (27,28) (72,82) (38,48) (8,10) (29,34)
(37,43) (87,98) (96,118) (6,7) (48,53) (86,109) (30,35) (12,14) (90,93) (15,16) (32,36) (5,6) (2,2) (11,12) (93,98) (16,19) (79,85) (48,59) (47,52) (77,93)
(11,13) (69,85) (4,5) (88,93) (18,20) (40,46) (76,93) (5,6) (49,54) (90,113) (31,35) (65,69) (2,2) (15,19) (21,23) (69,81) (86,90) (31,33) (6,7) (33,38)
(83,93) (3,3) (81,99) (44,47) (15,19) (54,65) (9,9) (48,61) (27,34) (67,71) (81,97) (33,42) (52,58) (37,41) (57,65) (63,81) (40,49) (93,110) (81,85) (52,65)
(1,1) (31,38) (72,91) (35,37) (78,93) (81,87) (33,37) (52,60) (72,84) (30,36) (62,76) (75,80) (61,65) (14,16) (30,37) (30,34) (85,93) (27,32) (92,93) (3,4)
(62,67) (45,56) (78,91) (38,42) (45,48) (67,78) (10,11) (26,32) (35,40) (89,99) (53,59) (30,32) (14,16) (58,60) (29,35) (6,6) (1,1) (28,32) (42,52) (89,109)
(26,29) (76,78) (10,11) (18,19) (85,90) (90,97) (40,46) (13,16) (74,76) (2,2) (35,39) (13,16) (57,60) (14,17) (9,11) (33,40) (3,4) (81,103) (43,51) (92,108)
(8,9) (86,96) (38,47) (22,27) (67,82) (33,42) (13,15) (61,71) (38,41) (70,87) (67,72) (45,46) (62,67) (30,35) (84,90) (56,66) (80,95) (63,73) (36,38) (51,57)
(45,54) (30,34) (22,24) (7,8) (92,100) (70,83) (33,35) (62,74) (65,77) (35,37) (74,79) (10,12) (27,28) (88,99) (30,38) (84,100) (46,48) (34,40) (68,72) (23,25)
(70,88) (34,41) (5,6) (96,121) (37,46) (96,113) (88,100) (91,94) (61,66) (19,23) (41,44) (75,95) (68,85) (3,3) (77,87) (91,96) (81,90) (31,38) (31,35) (64,77)
(61,77) (14,17) (66,81) (16,19) (50,51) (26,28) (23,29) (75,93) (53,66) (64,74) (51,56) (29,30) (37,45) (70,76) (73,96) (11,12) (33,40) (29,36) (35,36) (23,26)
(75,81) (73,75) (34,38) (10,11) (79,85) (1,1) (28,32) (56,69) (76,94) (60,62) (52,58) (73,76) (16,21) (11,14) (61,67) (67,77) (26,32) (92,102) (79,93) (87,111)
(25,28) (19,23) (52,62) (34,39) (52,64) (26,32) (8,9) (22,25) (82,87) (31,33) (2,2) (94,111) (52,59) (28,35) (35,40) (27,34) (1,1) (68,82) (55,67) (54,62)
(11,12) (55,59) (61,65) (43,54) (95,102) (90,110) (46,60) (78,80) (46,49) (58,59) (32,37) (56,65) (13,14) (93,108) (38,43) (20,24) (17,20) (82,103) (43,52) (68,69)
(85,90) (25,27) (9,11) (79,85) (12,13) (78,89) (40,48) (88,93) (89,103) (44,53) (24,26) (40,47) (59,72) (55,61) (19,21) (12,13) (33,42) (79,84) (78,83) (50,56)
(21,22) (47,54) (71,84) (58,68) (48,49) (74,86) (76,95) (66,78) (64,79) (26,29) (73,81) (45,57) (42,45) (51,57) (59,67) (39,45) (14,17) (4,5) (74,91) (53,58)
(95,104) (88,100) (67,88) (60,68) (58,67) (57,62) (43,48) (18,20) (81,101) (87,97) (74,80) (93,95) (23,29) (6,7) (73,79) (54,65) (81,83) (15,15) (85,105) (41,43)
(4,4) (8,9) (10,11) (4,5) (22,23) (17,20) (33,34) (49,62) (24,26) (12,13) (28,35) (64,72) (42,47) (68,79) (64,79) (79,98) (21,24) (86,102) (58,68) (24,31)
(4,4) (14,14) (60,62) (42,49) (47,59) (18,18) (87,111) (83,92) (51,65) (33,39) (78,88) (61,75) (41,44) (17,17) (60,63) (38,47) (74,90) (42,46) (9,10) (38,43)
(1,1) (96,114) (76,89) (27,30) (3,3) (8,8) (42,46) (53,66) (4,4) (79,85) (80,88) (95,111) (59,75) (87,110) (31,38) (62,66) (50,65) (29,33) (48,57) (1,1)
(40,41) (85,111) (62,68) (29,35) (23,24) (46,51) (96,116) (28,28) (3,4) (5,6) (4,4) (83,88) (33,38) (24,28) (86,105) (63,76) (51,61) (52,56) (26,29) (93,114)
(49,56) (24,26) (37,45) (98,113) (14,15) (97,104) (24,29) (63,66) (70,88) (62,75) (23,29) (84,91) (10,11) (75,93) (55,64) (77,97) (62,77) (48,59) (19,20) (76,91)
(70,76) (74,85) (31,32) (4,5) (10,12) (23,30) (65,70) (56,57) (24,26) (69,78) (29,35) (30,31) (76,99) (13,14) (40,44) (84,98) (76,87) (59,73) (44,46) (3,4)
(70,85) (47,56) (49,51) (94,101) (80,93) (79,93) (49,55) (40,44) (46,55) (66,81) (14,17) (28,30) (67,72) (80,86) (70,81) (25,31) (55,67) (18,22) (80,80) (58,66)
(66,75) (29,37) (38,40) (22,25) (5,5) (62,71) (1,1) (18,21) (59,73) (51,56) (44,51) (63,76) (97,99) (98,118) (62,65) (83,100) (90,104) (66,70) (97,105) (7,8)
(92,112) (57,62) (19,23) (38,45) (45,55) (7,7) (7,9) (84,100) (31,32) (3,3) (24,29) (88,99) (56,70) (68,81) (85,89) (63,80) (9,11) (76,81) (35,40) (41,50)
(92,104) (81,91) (77,83) (34,38) (15,17) (44,49) (44,54) (10,12) (45,49) (2,2) (83,98) (50,58) (25,30) (61,67) (53,67) (68,86) (85,91) (63,68) (60,72) (37,42)
(84,94) (37,46) (36,38) (35,38) (59,69) (13,15) (85,102) (89,100) (6,6) (45,49) (42,53) (1,1) (78,84) (83,87) (48,50) (20,22) (4,5) (20,25) (94,117) (35,38)
(62,74) (4,5) (97,109) (29,30) (22,23) (1,1) (70,75) (87,96) (70,89) (5,5) (15,18) (32,38) (23,26) (61,65) (19,23) (27,31) (31,34) (59,75) (89,108) (50,53)
(5,5) (50,61) (86,101) (90,111) (24,30) (96,104) (31,34) (86,100) (3,4) (54,61) (5,6) (40,50) (73,91) (56,66) (48,50) (75,93) (1,1) (66,77) (63,71) (56,66)
(85,97) (41,51) (91,117) (40,48) (48,58) (31,36) (37,41) (8,10) (66,71) (82,90) (75,81) (11,11) (45,54) (31,36) (65,77) (40,48) (51,62) (88,99) (63,71) (84,103)
(85,106) (15,17) (41,48) (86,92) (64,82) (82,101) (70,82) (62,80) (56,69) (53,63) (22,27) (17,19) (91,116) (59,62) (68,79) (72,83) (31,34) (67,72) (36,39) (63,65)
(82,102) (6,6) (30,38) (22,25) (32,38) (4,4) (66,82) (58,72) (48,58) (27,29) (24,31) (10,10) (25,27) (25,27) (41,45) (9,10) (70,82) (29,37) (90,113) (83,88)
(43,45) (75,92) (49,61) (47,55) (36,46) (20,21) (67,78) (93,109) (82,93) (42,51) (85,100) (83,92) (55,58) (28,35) (68,82) (91,102) (37,44) (37,42) (60,67) (59,72)
(36,40) (21,25) (54,56) (85,107) (91,112) (19,22) (89,98) (64,72) (24,28) (69,84) (36,40) (9,10) (81,93) (67,68) (87,112) (50,62) (62,74) (25,28) (61,71) (37,40)
(67,70) (36,40) (82,88) (37,38) (65,66) (31,31) (33,42) (93,113) (75,88) (21,22) (43,48) (77,88) (90,107) (46,53) (5,5) (54,62) (48,61) (65,66) (53,63) (51,60)
(83,107) (20,24) (36,41) (41,51) (66,67) (37,42) (27,34) (56,63) (41,49) (1,1) (64,75) (43,51) (25,25) (18,22) (12,14) (68,74) (47,52) (27,32) (20,26) (50,57)
(89,100) (93,103) (34,42) (70,88) (61,72) (49,55) (79,98) (58,72) (63,71) (48,60) (32,40) (37,45) (7,7) (42,52) (52,59) (20,23) (95,104) (48,61) (23,25) (69,86)
(15,16) (21,23) (38,44) (12,14) (19,22) (5,5) (31,37) (81,104) (47,53) (45,56) (96,109) (4,4) (94,115) (94,98) (88,110) (2,2) (68,78) (94,111) (65,74) (17,22)
(52,64) (55,62) (66,68) (66,70) (88,98) (79,88) (82,94) (28,33) (8,9) (33,44) (62,73) (12,15) (89,111) (27,29) (76,84) (95,107) (29,34) (16,18) (31,31) (33,44)
(81,96) (23,29) (58,71) (58,72) (87,108) (97,111) (87,95) (15,16) (43,52) (58,65) (36,45) (44,45) (38,43) (4,4) (95,115) (26,29) (26,28) (14,16) (75,83) (52,63)
(15,17) (62,71) (28,29) (71,84) (94,99) (72,78) (27,33) (24,28) (34,41) (57,70) (25,27) (36,43) (42,45) (18,20) (71,87) (2,2) (86,97) (45,52) (81,96) (5,5)
(56,68) (4,5) (79,85) (13,15) (76,88) (43,51) (6,7) (46,50) (61,67) (93,102) (51,67) (68,73) (68,86) (42,51) (59,66) (6,7) (14,16) (34,43) (61,76) (42,55)
(55,70) (64,74) (79,97) (79,80) (61,62) (80,100) (87,99) (60,68) (25,32) (93,116) (93,95) (90,103) (81,105) (16,19) (24,24) (65,82) (46,57) (35,39) (76,93) (97,120)
(61,73) (44,49) (47,59) (37,42) (32,36) (86,100) (41,50) (33,35) (17,18) (40,47) (49,52) (83,94) (35,42) (99,110) (76,85) (15,17) (50,62) (19,24) (60,61) (65,81)
(1,1) (23,25) (36,42) (52,66) (39,45) (48,51) (37,38) (75,95) (88,89) (34,40) (56,61) (75,89) (42,44) (98,115) (52,55) (73,82) (43,52) (44,48) (82,92) (78,95)
(26,28) (9,11) (88,101) (67,86) (86,106) (32,39) (13,15) (83,86) (33,42) (96,111) (5,5) (96,117) (92,116) (93,109) (43,52) (35,39) (25,28) (10,11) (27,33) (15,17)
(19,22) (57,72) (29,36) (70,78) (38,48) (26,33) (17,20) (43,50) (20,24) (85,103) (78,87) (50,62) (75,86) (20,22) (19,22) (35,44) (40,44) (75,78) (82,86) (93,115)
(40,44) (44,47) (79,92) (17,18) (25,31) (79,99) (39,42) (28,29) (94,104) (13,17) (27,29) (24,30) (55,59) (24,29) (57,67) (44,54) (16,20) (52,56) (16,19) (82,98)
(30,30) (3,4) (28,33) (89,99) (84,92) (27,31) (30,36) (67,83) (20,21) (90,101) (97,108) (90,110) (5,6) (16,18) (86,96) (46,53) (65,80) (64,68) (14,15) (28,35)
