# int__atai50_20_03  50 jobs  20 machines
50 20
0 1 11 17 10 7 5 13 3 4 19 9 12 14 15 2 16 18 8 6
3 16 5 7 10 11 14 18 13 1 8 9 19 12 0 2 15 4 17 6
6 11 7 2 4 12 14 5 0 13 10 18 19 1 8 15 9 3 16 17
13 6 19 16 2 3 10 9 7 1 0 14 12 5 18 4 8 17 15 11
8 0 13 7 10 4 16 6 1 17 15 3 2 9 19 18 5 11 14 12
7 12 0 17 3 15 4 13 14 6 16 19 10 1 18 9 11 5 8 2
15 7 1 0 18 5 19 10 12 6 17 14 3 11 13 4 16 2 9 8
19 2 16 14 5 6 15 9 17 11 10 3 12 4 0 1 7 13 8 18
13 15 12 19 4 0 3 18 10 1 17 14 5 7 6 11 8 2 16 9
5 0 6 10 1 3 2 11 18 7 4 17 9 15 16 8 13 12 19 14
4 11 9 3 1 2 5 16 10 8 7 13 18 15 17 14 6 12 0 19
11 13 1 10 0 12 3 15 5 9 19 17 4 8 14 16 6 7 18 2
7 19 14 3 16 4 11 17 5 15 10 9 0 18 6 12 1 2 13 8
9 8 10 2 7 12 5 4 17 14 3 16 18 1 15 6 19 13 11 0
14 0 1 8 2 6 3 12 9 16 4 19 5 15 13 18 11 10 7 17
16 9 19 12 6 0 17 2 13 4 7 18 5 11 8 1 3 14 15 10
15 10 11 18 14 17 5 19 12 6 16 1 7 8 3 2 4 13 9 0
6 9 18 16 12 1 2 7 19 11 4 0 3 5 10 14 17 8 15 13
18 7 12 17 19 11 5 15 3 8 0 6 16 13 1 2 9 4 10 14
13 15 12 14 5 18 11 6 3 8 2 17 4 16 0 7 10 1 9 19
17 4 2 7 1 5 15 18 0 11 10 6 19 8 14 13 9 3 12 16
8 13 1 9 2 10 14 0 3 12 16 18 5 17 7 4 19 11 6 15
16 5 11 12 17 18 8 19 3 10 13 1 4 2 9 15 6 7 0 14
13 1 11 0 16 3 7 5 14 17 19 18 10 4 6 15 9 2 12 8
19 2 14 7 3 17 6 10 15 9 0 16 1 5 18 4 13 11 12 8
11 9 5 18 16 1 2 17 8 12 10 19 15 14 3 7 0 6 13 4
13 15 11 14 12 18 1 4 9 10 16 17 3 19 7 6 0 2 5 8
7 17 16 6 14 19 18 1 2 8 5 4 10 11 9 3 15 12 0 13
18 15 16 9 6 8 17 19 1 0 11 7 14 3 12 10 4 13 5 2
9 12 4 8 6 3 11 14 7 15 1 2 10 13 17 19 16 5 18 0
15 1 17 11 7 3 18 19 4 10 13 2 5 8 6 0 12 16 14 9
14 19 17 9 18 11 1 4 16 8 5 7 0 10 2 3 13 6 15 12
9 17 12 3 11 2 15 10 0 16 14 1 5 8 19 7 4 6 13 18
5 16 2 0 8 12 11 19 15 4 6 14 7 18 17 9 1 10 13 3
14 15 3 7 11 0 12 6 1 8 13 19 2 4 5 18 17 9 10 16
13 17 18 14 10 15 5 16 1 3 9 7 11 12 0 2 4 6 19 8
17 2 19 15 18 5 9 16 13 0 1 7 3 14 12 10 6 4 8 11
11 4 5 12 3 2 6 16 0 10 1 15 19 18 8 13 7 17 9 14
19 6 4 17 2 18 3 13 12 15 14 7 10 8 9 5 11 16 1 0
8 16 15 12 18 17 4 0 11 19 14 6 5 1 13 3 9 10 7 2
10 17 13 11 6 2 9 12 15 0 7 5 14 16 18 19 1 3 8 4
0 3 14 1 9 18 5 11 8 7 6 15 16 12 17 10 19 13 2 4
8 14 16 4 11 18 12 19 2 5 9 15 7 0 6 13 17 1 10 3
6 15 7 16 14 9 3 18 11 17 0 2 1 19 10 13 5 4 12 8
9 10 11 6 4 3 12 13 5 0 18 19 14 17 2 7 16 15 8 1
5 7 17 18 8 1 12 16 19 4 10 3 0 9 15 14 2 11 13 6
13 15 10 18 14 9 7 19 5 3 16 4 17 12 8 1 2 0 11 6
7 16 5 2 9 8 15 3 19 18 13 12 4 14 17 11 0 6 1 10
12 9 6 16 3 8 15 0 11 5 10 18 17 19 13 7 14 4 2 1
15 8 5 9 13 1 6 14 18 12 3 19 16 2 17 7 0 10 11 4
(34,39) (69,85) (53,68) (27,35) (78,100) (82,93) (5,5) (46,49) (34,38) (36,37) (9,10) (8,9) (9,10) (19,22) (76,80) (74,79) (31,32) (42,48) (9,10) (40,49)
(40,44) (26,29) (26,29) (31,32) (61,75) (19,23) (17,20) (53,65) (55,59) (21,23) (59,69) (61,66) (16,20) (13,17) (58,59) (88,105) (54,58) (62,78) (20,22) (45,49)
(4,5) (88,97) (72,91) (20,23) (20,22) (97,112) (31,36) (41,46) (28,36) (42,47) (69,84) (87,98) (66,81) (83,102) (68,88) (18,19) (39,48) (75,83) (59,64) (82,93)
(71,90) (20,22) (8,10) (55,66) (85,90) (17,21) (98,102) (69,76) (17,20) (84,88) (81,100) (85,99) (95,113) (74,81) (68,86) (66,77) (36,38) (11,13) (96,111) (53,64)
(86,93) (14,17) (28,32) (49,53) (78,93) (64,67) (26,28) (68,84) (7,9) (85,88) (80,93) (75,79) (44,50) (26,31) (85,100) (33,39) (68,85) (60,70) (43,48) (67,81)
(25,27) (23,25) (84,98) (46,54) (55,60) (67,75) (54,63) (79,92) (17,21) (49,51) (86,98) (18,18) (81,94) (31,33) (68,76) (70,80) (94,102) (37,43) (36,43) (21,23)
(78,81) (31,39) (20,23) (49,63) (31,38) (20,23) (12,14) (79,96) (1,1) (93,107) (78,88) (58,69) (17,18) (77,86) (84,99) (64,78) (47,55) (63,76) (64,69) (46,47)
(58,65) (10,11) (78,80) (45,53) (60,75) (39,44) (68,85) (25,31) (52,65) (49,53) (60,71) (75,79) (39,45) (92,103) (35,44) (65,82) (59,65) (54,59) (15,16) (71,78)
(36,39) (68,90) (51,65) (89,107) (63,70) (97,107) (59,69) (58,65) (60,75) (50,64) (38,42) (13,15) (43,45) (66,77) (3,3) (93,98) (63,70) (16,19) (56,60) (62,80)
(8,9) (95,100) (33,35) (42,48) (36,44) (48,53) (84,100) (89,91) (13,16) (86,109) (45,48) (11,15) (44,49) (14,17) (57,63) (26,29) (67,75) (5,6) (46,47) (61,64)
(75,98) (50,54) (40,51) (50,54) (41,44) (42,47) (48,59) (17,19) (25,28) (2,2) (16,17) (25,28) (36,46) (17,19) (87,107) (82,99) (58,59) (45,54) (36,46) (22,24)
(94,104) (87,103) (89,113) (3,3) (2,2) (9,10) (68,75) (14,15) (37,41) (46,52) (12,14) (10,12) (9,10) (76,90) (26,33) (8,9) (43,48) (79,91) (7,8) (76,81)
(44,53) (13,15) (48,60) (29,34) (82,95) (78,88) (32,36) (63,68) (11,13) (69,83) (1,1) (89,104) (53,63) (13,14) (30,37) (16,18) (16,18) (3,4) (2,2) (18,22)
(56,60) (80,87) (18,21) (45,47) (38,43) (38,41) (61,78) (88,98) (57,60) (8,9) (7,8) (37,43) (9,11) (51,65) (65,71) (20,26) (65,80) (50,55) (51,56) (20,23)
(64,67) (66,73) (47,53) (77,96) (29,31) (80,85) (44,51) (91,118) (22,26) (84,87) (55,59) (79,101) (47,53) (89,101) (11,14) (58,64) (91,114) (49,59) (82,92) (89,97)
(27,32) (14,15) (64,67) (16,19) (97,116) (57,64) (32,35) (92,118) (3,3) (31,40) (69,81) (75,93) (29,34) (66,70) (87,113) (46,57) (9,11) (75,84) (31,34) (74,93)
(24,30) (32,39) (10,12) (22,27) (70,78) (86,106) (49,60) (18,20) (33,40) (85,106) (79,91) (12,13) (26,30) (75,92) (60,70) (3,3) (93,98) (26,31) (25,25) (20,23)
(1,1) (39,43) (20,21) (60,62) (70,74) (40,43) (70,70) (8,10) (11,13) (64,67) (74,79) (66,83) (31,34) (71,87) (8,9) (43,49) (91,96) (59,69) (18,20) (98,119)
(55,66) (45,52) (11,13) (41,43) (55,69) (26,33) (3,3) (52,67) (39,42) (83,100) (39,49) (29,32) (53,58) (47,58) (36,45) (14,16) (49,56) (59,72) (14,18) (98,115)
(69,76) (11,13) (89,108) (18,22) (79,96) (44,51) (77,98) (76,92) (19,20) (82,104) (57,61) (44,47) (32,34) (33,35) (36,39) (91,109) (93,111) (76,84) (94,107) (8,8)
(9,10) (36,41) (7,8) (37,39) (10,12) (4,5) (75,85) (51,65) (2,2) (15,16) (91,107) (4,5) (36,42) (18,21) (55,61) (42,44) (60,70) (90,91) (46,50) (7,8)
(32,38) (57,70) (86,103) (47,51) (48,56) (3,4) (42,54) (8,9) (82,95) (69,90) (97,100) (50,50) (57,66) (19,21) (12,13) (83,87) (67,75) (14,16) (8,9) (10,11)
(36,43) (9,10) (87,103) (91,100) (17,18) (67,84) (33,41) (79,92) (25,27) (96,105) (71,73) (15,17) (90,98) (23,29) (2,2) (71,87) (33,36) (41,42) (12,14) (98,105)
(76,86) (94,112) (9,9) (15,18) (96,117) (82,99) (85,100) (21,23) (30,37) (56,69) (69,83) (40,42) (42,50) (64,78) (17,18) (49,51) (27,29) (56,60) (86,92) (56,59)
(50,54) (34,35) (94,116) (82,92) (15,16) (65,82) (84,94) (77,81) (57,71) (36,39) (61,73) (49,54) (90,116) (34,42) (56,68) (49,61) (42,52) (12,14) (76,92) (17,21)
(32,38) (62,68) (59,76) (11,12) (34,41) (4,4) (96,121) (21,23) (75,90) (16,20) (82,92) (6,6) (95,112) (36,43) (25,28) (85,101) (40,50) (56,65) (23,28) (9,9)
(6,7) (85,92) (59,71) (16,17) (40,49) (19,25) (29,36) (55,65) (63,77) (79,89) (7,7) (20,22) (93,98) (7,8) (30,36) (96,118) (14,17) (82,98) (55,60) (15,18)
(45,50) (76,82) (85,88) (56,71) (2,2) (13,13) (20,21) (8,8) (37,39) (69,73) (96,122) (49,58) (56,69) (92,101) (18,20) (72,88) (61,77) (64,70) (53,64) (82,95)
(50,58) (21,25) (11,13) (80,92) (89,108) (41,50) (85,109) (32,33) (88,103) (97,109) (69,75) (6,6) (32,39) (25,29) (31,36) (7,8) (36,45) (45,51) (40,44) (8,9)
(20,21) (93,114) (85,94) (49,54) (23,29) (87,100) (23,28) (63,82) (69,84) (41,51) (89,106) (62,73) (46,50) (94,115) (27,31) (41,45) (68,75) (9,10) (52,57) (30,34)
(44,55) (98,112) (49,51) (45,52) (60,68) (11,13) (22,25) (49,61) (40,41) (23,26) (49,52) (2,2) (60,67) (97,105) (74,92) (50,63) (58,64) (15,19) (23,24) (54,55)
(66,70) (72,75) (3,4) (69,89) (8,8) (68,78) (71,84) (58,64) (87,113) (69,71) (44,47) (30,35) (6,7) (34,36) (36,39) (90,98) (41,45) (87,98) (33,36) (25,29)
(31,34) (25,27) (7,7) (64,69) (24,30) (42,53) (23,27) (30,36) (27,33) (55,57) (40,46) (16,20) (10,11) (26,29) (48,57) (69,78) (34,41) (17,21) (18,18) (73,81)
(92,104) (10,12) (7,8) (86,106) (75,85) (61,76) (92,94) (23,27) (90,105) (21,22) (81,89) (73,87) (56,63) (12,15) (56,63) (92,104) (47,55) (72,84) (87,95) (18,22)
(81,83) (93,99) (10,11) (44,50) (13,13) (56,67) (29,37) (19,23) (71,81) (41,45) (34,44) (34,43) (50,63) (90,105) (17,19) (80,98) (28,36) (17,20) (70,81) (87,100)
(39,43) (7,8) (15,18) (49,51) (34,42) (48,62) (47,53) (74,85) (25,31) (26,31) (77,97) (38,38) (76,80) (39,48) (2,2) (39,45) (88,94) (72,81) (85,105) (6,7)
(47,55) (28,32) (21,21) (77,84) (46,52) (62,68) (73,82) (19,20) (5,6) (55,62) (9,10) (71,75) (33,39) (27,31) (85,98) (23,25) (62,67) (6,7) (63,71) (64,71)
(52,55) (24,31) (65,81) (51,61) (94,118) (8,9) (23,27) (81,90) (72,80) (74,86) (17,21) (53,65) (31,31) (63,77) (48,50) (50,52) (28,34) (52,54) (34,36) (44,46)
(38,48) (16,18) (47,53) (93,94) (93,114) (77,90) (85,108) (39,45) (2,2) (94,99) (46,52) (46,52) (43,51) (63,75) (29,32) (92,103) (8,9) (41,49) (71,92) (18,18)
(35,37) (81,88) (30,31) (88,109) (84,96) (50,53) (89,100) (37,47) (62,75) (63,68) (46,58) (66,78) (40,47) (10,10) (83,90) (95,109) (93,105) (35,35) (49,60) (46,58)
(94,121) (2,2) (58,62) (22,26) (51,61) (81,97) (37,44) (3,4) (1,1) (45,55) (43,48) (81,98) (67,80) (9,9) (31,40) (18,19) (65,70) (10,10) (12,13) (98,112)
(65,79) (37,43) (89,101) (37,44) (55,64) (9,11) (88,107) (61,63) (9,9) (34,40) (4,4) (13,14) (52,63) (90,107) (85,106) (77,90) (72,79) (30,36) (67,76) (93,120)
(89,110) (18,20) (88,98) (51,59) (49,55) (82,92) (52,60) (8,9) (87,107) (87,97) (30,40) (20,22) (64,79) (13,14) (57,67) (73,78) (38,41) (34,43) (18,24) (65,83)
(44,48) (64,73) (76,92) (60,76) (41,50) (63,70) (9,10) (31,38) (64,68) (40,45) (6,6) (42,49) (47,52) (9,10) (29,37) (6,7) (73,85) (19,22) (1,1) (12,13)
(76,87) (34,41) (89,107) (69,77) (59,75) (8,9) (77,88) (56,67) (24,26) (19,25) (12,12) (49,56) (59,68) (91,113) (17,21) (12,14) (71,86) (63,72) (9,11) (81,101)
(71,87) (10,11) (69,83) (38,49) (72,81) (9,11) (7,7) (85,109) (18,19) (14,15) (43,46) (53,67) (83,93) (38,45) (9,11) (7,8) (72,89) (78,98) (75,75) (77,81)
(36,43) (90,108) (69,78) (43,51) (31,36) (87,100) (4,4) (81,94) (55,63) (61,73) (68,83) (3,3) (12,14) (42,54) (81,91) (7,8) (31,32) (35,40) (25,29) (49,50)
(57,70) (85,93) (3,3) (4,5) (55,67) (1,1) (94,99) (30,38) (54,60) (19,21) (50,62) (85,103) (79,89) (66,76) (67,70) (14,18) (70,84) (3,4) (58,60) (42,49)
(89,103) (88,97) (39,42) (46,52) (78,91) (22,28) (7,7) (96,105) (2,2) (88,98) (72,92) (23,26) (91,99) (90,95) (40,49) (47,55) (2,2) (9,9) (80,100) (83,104)
(81,99) (66,80) (76,86) (53,62) (45,54) (68,84) (32,34) (61,68) (55,60) (63,71) (16,19) (11,11) (9,10) (75,84) (52,54) (22,23) (63,77) (1,1) (88,112) (49,59)
