# int__atai30_15_09  30 jobs  15 machines
30 15
5 3 12 6 9 1 14 4 2 13 10 0 8 11 7
1 7 0 2 4 11 10 14 5 12 8 3 9 6 13
9 1 6 4 0 10 5 13 7 11 14 2 3 8 12
5 8 6 14 1 0 3 11 12 10 7 13 4 2 9
0 11 1 5 9 13 14 2 7 12 3 8 4 10 6
12 1 10 7 14 9 0 2 6 13 8 3 11 5 4
8 12 3 11 6 5 2 7 10 13 14 1 4 0 9
8 4 10 0 14 2 12 1 6 9 3 13 7 5 11
12 5 3 8 4 11 7 14 2 1 13 6 9 10 0
0 9 5 14 1 13 6 11 7 10 4 8 2 3 12
13 6 4 7 2 8 12 10 5 11 0 1 3 9 14
6 0 7 8 4 13 2 1 9 14 12 10 5 11 3
6 0 4 7 2 12 10 8 13 11 14 9 3 5 1
3 12 5 1 6 4 7 2 11 9 13 14 0 8 10
11 3 1 13 7 9 8 14 10 4 6 2 12 0 5
7 13 9 4 10 2 0 6 5 3 8 1 14 11 12
7 5 14 10 13 6 3 2 9 12 4 8 1 0 11
13 7 10 1 5 11 8 0 14 6 4 3 12 2 9
5 10 7 11 14 1 12 0 13 2 4 6 3 9 8
10 7 5 2 11 14 3 9 0 6 4 12 13 8 1
11 3 6 2 7 10 1 13 0 4 8 5 14 9 12
10 9 0 3 4 5 8 11 1 7 6 14 12 13 2
10 9 0 4 7 2 1 13 6 14 12 8 11 3 5
6 0 7 13 5 3 14 1 9 12 8 2 4 11 10
7 6 11 5 13 12 8 4 14 9 0 3 1 2 10
7 5 10 6 11 13 9 0 12 2 8 14 1 3 4
13 7 2 9 1 11 0 5 8 10 12 6 3 14 4
7 9 4 14 13 2 12 3 8 10 0 6 11 5 1
9 12 7 11 4 5 0 1 13 8 3 10 2 6 14
10 11 14 13 5 1 12 9 3 6 8 2 0 4 7
(19,22) (53,59) (68,69) (15,18) (6,6) (73,78) (83,100) (23,25) (63,65) (37,45) (76,82) (95,112) (26,33) (59,69) (34,41)
(26,32) (58,63) (55,60) (29,37) (29,34) (57,62) (55,67) (61,66) (31,36) (41,48) (44,48) (71,80) (44,50) (11,12) (41,48)
(43,53) (72,87) (8,10) (69,72) (48,51) (55,61) (13,15) (14,15) (96,113) (55,62) (82,101) (27,29) (36,42) (82,94) (69,81)
(67,84) (63,71) (27,31) (33,35) (45,49) (70,77) (84,103) (69,75) (21,23) (22,23) (29,32) (10,12) (11,13) (10,11) (17,21)
(6,7) (49,59) (10,12) (67,85) (49,58) (48,55) (11,12) (70,91) (83,104) (89,107) (1,1) (81,101) (88,89) (51,64) (45,55)
(14,17) (7,9) (11,12) (76,94) (44,48) (22,27) (82,90) (66,76) (62,70) (73,85) (22,27) (33,42) (64,75) (30,37) (68,79)
(67,67) (17,19) (57,71) (20,22) (44,46) (55,67) (53,57) (10,12) (3,4) (64,67) (60,68) (36,42) (91,107) (39,47) (84,85)
(8,8) (27,32) (67,82) (38,45) (23,27) (66,69) (32,32) (41,51) (53,67) (17,21) (57,66) (75,77) (37,45) (60,63) (15,17)
(79,85) (26,29) (3,4) (24,31) (66,83) (62,68) (32,38) (83,105) (11,14) (21,27) (73,84) (16,18) (43,50) (77,99) (47,57)
(92,106) (53,65) (80,96) (14,15) (69,70) (64,70) (20,20) (2,2) (6,7) (85,99) (7,8) (71,79) (66,79) (64,79) (80,90)
(59,75) (80,98) (35,40) (83,92) (92,101) (89,109) (44,54) (10,12) (6,7) (18,22) (40,42) (67,82) (29,29) (22,23) (15,16)
(46,58) (37,44) (57,60) (97,110) (60,64) (9,10) (21,22) (29,37) (8,9) (22,27) (70,76) (47,59) (14,14) (67,78) (54,67)
(65,82) (25,30) (3,3) (83,99) (72,80) (18,20) (12,14) (80,84) (14,18) (34,37) (87,105) (52,61) (35,39) (57,70) (67,84)
(7,8) (41,43) (32,37) (92,109) (97,119) (4,4) (95,103) (78,82) (89,109) (57,71) (38,46) (15,17) (33,36) (57,69) (3,3)
(65,73) (3,3) (37,47) (49,56) (68,80) (75,85) (42,51) (41,50) (6,7) (38,39) (10,11) (78,97) (40,47) (28,33) (63,73)
(28,32) (12,13) (62,77) (54,60) (76,90) (20,21) (77,85) (39,42) (85,109) (47,56) (79,82) (39,51) (18,21) (7,8) (40,50)
(59,72) (26,29) (23,27) (58,73) (73,76) (54,70) (66,81) (28,29) (60,66) (57,67) (3,3) (20,24) (46,47) (25,28) (87,103)
(32,40) (79,92) (35,45) (50,60) (94,115) (19,23) (60,76) (26,32) (35,37) (27,34) (25,30) (13,16) (63,79) (11,11) (25,29)
(49,50) (68,76) (95,101) (65,69) (74,82) (20,22) (92,98) (1,1) (85,98) (21,22) (80,93) (83,93) (49,55) (91,101) (7,9)
(82,84) (17,20) (91,110) (83,94) (17,17) (59,64) (31,38) (1,1) (64,70) (78,94) (8,9) (15,16) (50,55) (9,9) (68,85)
(36,46) (71,89) (83,96) (63,73) (80,85) (25,27) (35,39) (21,24) (81,92) (14,15) (19,19) (40,43) (20,23) (29,36) (79,103)
(66,76) (59,73) (95,120) (43,50) (13,15) (36,47) (50,59) (86,93) (84,91) (30,37) (13,16) (58,73) (19,25) (14,16) (79,95)
(86,103) (73,92) (23,25) (64,71) (19,24) (92,115) (75,93) (60,75) (42,51) (50,54) (89,107) (39,42) (4,4) (16,20) (50,55)
(22,24) (52,62) (34,41) (57,64) (1,1) (60,74) (4,5) (68,68) (8,9) (38,40) (47,54) (74,92) (49,57) (24,29) (37,41)
(34,38) (50,51) (27,32) (39,42) (11,13) (95,106) (78,99) (88,108) (87,107) (31,33) (61,63) (50,53) (90,93) (52,61) (94,117)
(39,46) (1,1) (3,3) (70,72) (20,22) (50,62) (92,94) (72,80) (17,17) (84,107) (80,97) (34,36) (23,29) (22,26) (88,98)
(56,61) (63,76) (1,1) (81,91) (33,38) (47,54) (82,90) (30,36) (22,27) (43,48) (20,21) (80,87) (82,102) (56,66) (87,90)
(78,99) (59,67) (65,85) (62,81) (47,54) (86,94) (2,2) (75,92) (35,42) (70,89) (17,18) (11,13) (32,38) (23,28) (63,79)
(93,99) (14,14) (16,21) (25,31) (57,60) (81,90) (8,10) (79,88) (59,62) (92,107) (43,46) (34,35) (53,59) (34,44) (2,2)
(23,25) (63,79) (7,9) (87,90) (13,13) (94,107) (80,96) (88,92) (20,24) (3,3) (45,51) (50,55) (1,1) (40,43) (55,61)
