# int__atai50_20_02  50 jobs  20 machines
50 20
18 12 17 4 5 11 10 8 9 13 15 1 16 7 14 19 0 6 3 2
13 7 2 6 5 8 12 0 9 15 1 19 18 10 4 11 14 16 17 3
10 7 1 15 18 2 14 9 11 5 19 3 8 13 6 16 17 4 12 0
10 12 18 2 9 13 8 5 4 19 3 6 0 14 16 15 1 7 11 17
2 7 14 19 1 5 0 15 6 4 16 17 8 3 11 13 18 10 12 9
6 19 17 10 3 15 2 13 11 1 18 0 8 16 9 5 12 7 14 4
0 2 4 10 3 7 13 15 12 18 17 14 11 8 19 16 1 6 9 5
16 0 10 6 4 7 9 13 19 5 2 17 12 18 11 3 8 14 1 15
19 8 4 9 18 7 10 6 11 1 2 15 16 5 0 3 17 12 14 13
1 17 3 5 11 4 9 18 19 16 14 6 8 0 10 15 12 7 2 13
19 3 18 7 13 16 10 11 0 1 12 15 8 6 9 4 2 14 17 5
12 4 8 1 11 16 5 13 0 9 19 10 15 17 2 18 6 14 7 3
18 6 3 4 14 0 11 5 10 1 12 9 13 15 17 2 19 8 16 7
10 7 1 19 9 0 6 3 16 12 14 4 5 15 17 18 13 8 2 11
2 15 1 19 9 10 16 7 3 12 8 18 11 0 14 4 13 17 6 5
1 9 4 16 2 11 7 3 0 5 15 8 14 10 6 17 13 18 12 19
10 2 1 17 8 0 9 16 14 4 12 7 6 11 15 5 18 13 19 3
8 11 19 12 15 9 10 14 2 18 17 16 7 6 13 4 1 3 0 5
10 19 18 5 14 0 1 11 13 15 9 16 4 12 6 7 3 8 17 2
6 10 5 9 11 7 13 1 17 4 15 12 14 18 2 16 19 0 8 3
10 15 12 7 2 11 8 5 14 1 9 18 16 19 3 4 6 13 0 17
19 13 9 2 6 7 15 10 11 8 17 4 1 18 3 14 0 5 12 16
12 8 18 2 1 11 6 19 7 16 3 14 4 9 17 13 5 15 10 0
18 5 10 14 2 4 9 17 8 19 12 6 1 11 3 16 0 13 7 15
11 19 15 17 3 16 0 7 10 1 6 13 18 2 14 5 8 12 9 4
4 1 12 7 10 11 9 19 6 2 18 17 14 0 5 16 8 13 3 15
18 2 8 3 11 0 14 12 4 9 17 5 6 10 19 13 7 15 16 1
16 17 13 1 5 7 14 10 0 19 6 2 8 9 12 15 18 3 11 4
4 1 10 6 8 9 2 12 7 17 11 0 14 13 19 16 3 5 15 18
9 17 7 8 2 11 14 13 3 15 10 19 18 1 6 4 16 12 0 5
2 12 11 8 18 17 7 6 5 1 9 13 19 14 16 10 3 0 4 15
16 4 1 17 7 11 18 0 14 9 8 6 10 13 15 12 5 19 2 3
17 7 14 9 4 13 2 10 8 15 11 6 3 5 0 12 16 18 19 1
6 1 12 18 7 19 5 10 11 16 0 9 14 15 13 3 2 8 4 17
5 18 19 17 14 4 0 8 10 2 12 16 9 6 7 1 13 11 15 3
15 14 9 8 16 2 18 17 19 12 7 3 1 11 4 0 10 6 13 5
16 15 19 14 18 3 2 10 5 8 7 13 6 17 0 4 12 1 11 9
1 2 12 11 15 19 0 10 17 16 18 9 6 5 7 4 3 8 14 13
9 19 2 6 11 3 15 16 4 13 7 12 8 14 0 18 1 10 17 5
12 16 3 5 0 9 2 1 11 8 10 18 4 6 14 7 15 13 19 17
11 19 3 17 7 18 14 5 16 4 8 6 12 9 13 15 2 1 0 10
6 1 8 11 19 2 5 14 3 12 7 0 9 4 17 18 16 13 15 10
7 12 17 19 6 11 15 10 9 3 5 18 8 13 2 1 0 16 14 4
16 11 14 8 4 5 3 15 2 0 17 9 18 6 19 1 7 13 10 12
16 3 9 17 14 0 6 5 8 4 19 12 2 1 13 7 10 18 15 11
11 3 8 9 2 14 17 0 18 15 10 7 19 6 4 12 16 1 13 5
7 9 2 11 12 1 6 3 16 13 14 10 17 15 0 8 19 4 18 5
13 17 1 3 2 15 12 5 10 11 6 14 18 0 8 4 16 19 9 7
5 10 16 15 9 11 12 17 7 1 8 4 0 14 3 2 6 13 19 18
1 7 9 13 2 12 6 0 18 19 10 4 17 11 5 3 8 15 14 16
(52,60) (96,117) (92,102) (60,72) (69,85) (42,48) (60,68) (93,93) (97,105) (10,10) (54,59) (13,14) (36,37) (60,64) (91,95) (87,92) (56,67) (63,77) (94,111) (62,65)
(81,104) (91,112) (22,26) (7,8) (79,83) (56,60) (93,117) (50,54) (6,7) (84,106) (37,42) (79,88) (3,3) (94,113) (31,40) (17,21) (63,72) (78,98) (9,10) (33,41)
(65,82) (66,81) (5,6) (14,14) (51,59) (12,15) (16,21) (92,98) (28,30) (56,71) (9,11) (77,89) (19,19) (59,71) (49,53) (83,100) (3,4) (55,62) (91,109) (72,91)
(96,111) (15,17) (80,102) (49,58) (81,88) (17,19) (20,22) (51,57) (8,9) (37,45) (77,97) (4,5) (79,92) (25,27) (46,58) (49,60) (89,110) (74,77) (31,36) (48,59)
(9,10) (5,6) (2,2) (68,85) (57,69) (95,102) (3,3) (26,28) (58,72) (57,65) (53,65) (45,59) (45,50) (46,57) (76,84) (55,71) (95,119) (88,107) (21,26) (77,82)
(87,108) (91,93) (94,100) (42,52) (86,107) (76,97) (76,85) (3,4) (17,18) (11,12) (33,38) (15,15) (45,51) (46,49) (89,104) (57,69) (92,97) (32,33) (56,66) (88,97)
(24,25) (96,105) (17,19) (62,74) (82,84) (62,67) (45,52) (20,23) (96,102) (48,55) (55,60) (57,58) (4,5) (66,78) (55,58) (3,4) (13,16) (10,12) (24,26) (92,100)
(90,108) (17,19) (68,76) (91,99) (33,42) (29,33) (64,68) (19,19) (85,97) (53,60) (43,47) (85,89) (57,62) (32,38) (82,90) (72,75) (27,28) (60,72) (21,26) (34,35)
(87,107) (10,11) (39,46) (93,112) (44,53) (46,57) (71,83) (78,102) (90,103) (44,50) (81,106) (53,54) (74,84) (32,37) (66,76) (62,72) (42,46) (80,82) (49,60) (47,53)
(44,48) (15,19) (61,77) (16,20) (86,92) (71,84) (57,68) (37,48) (49,61) (27,32) (48,52) (67,70) (39,45) (6,7) (34,39) (6,6) (12,14) (25,30) (15,17) (56,66)
(23,24) (83,95) (50,54) (58,63) (66,79) (75,89) (18,21) (49,52) (14,15) (48,60) (56,65) (51,54) (88,97) (49,55) (72,76) (81,100) (32,34) (62,72) (91,106) (65,80)
(7,7) (74,90) (97,100) (93,106) (19,21) (55,59) (65,71) (57,71) (52,59) (58,70) (19,22) (29,31) (76,86) (68,77) (60,78) (6,7) (63,76) (66,68) (23,29) (25,28)
(72,84) (80,89) (33,40) (33,36) (84,98) (28,32) (10,12) (51,52) (11,13) (20,25) (1,1) (94,116) (44,48) (30,34) (42,43) (11,13) (46,51) (40,46) (68,79) (53,61)
(3,4) (50,62) (3,3) (85,103) (33,36) (26,31) (75,92) (89,113) (82,89) (8,9) (79,87) (68,76) (57,68) (66,77) (1,1) (78,98) (64,69) (47,61) (57,66) (4,4)
(29,36) (18,21) (31,33) (44,50) (2,2) (16,20) (79,95) (14,16) (79,95) (90,115) (25,25) (64,75) (75,83) (40,49) (89,115) (3,3) (6,7) (21,25) (33,37) (19,21)
(16,19) (61,75) (47,59) (9,10) (44,53) (40,49) (22,23) (42,51) (35,35) (41,48) (88,95) (19,20) (3,3) (8,9) (94,113) (27,30) (29,37) (35,42) (18,20) (27,34)
(19,20) (62,70) (72,78) (20,21) (96,106) (82,101) (54,63) (94,107) (33,38) (68,85) (42,52) (16,18) (24,30) (6,7) (10,11) (23,27) (8,9) (96,110) (25,26) (96,101)
(1,1) (23,29) (42,45) (5,5) (30,32) (53,56) (1,1) (45,52) (64,74) (60,73) (24,25) (35,38) (93,108) (15,18) (8,9) (55,57) (16,17) (18,19) (49,51) (69,86)
(94,118) (88,109) (68,73) (86,106) (78,82) (85,105) (17,20) (18,20) (19,23) (92,108) (50,62) (65,73) (52,54) (68,78) (48,54) (20,23) (39,45) (91,93) (90,99) (49,55)
(86,99) (29,31) (25,30) (65,71) (18,18) (46,58) (80,87) (35,42) (28,31) (9,11) (45,53) (60,72) (61,75) (30,34) (15,18) (26,29) (46,51) (32,39) (89,111) (38,43)
(76,98) (60,69) (24,31) (45,52) (4,4) (14,16) (40,46) (8,9) (87,110) (67,79) (27,29) (89,100) (71,78) (57,64) (21,21) (65,73) (76,82) (53,57) (53,63) (39,47)
(37,40) (63,76) (53,69) (79,93) (6,6) (71,89) (17,19) (44,50) (26,31) (57,62) (14,15) (32,41) (15,18) (38,41) (1,1) (60,74) (11,13) (56,66) (65,77) (46,54)
(47,48) (54,66) (7,8) (33,38) (58,74) (65,81) (1,1) (64,68) (8,9) (19,22) (30,32) (55,60) (64,72) (55,70) (92,100) (31,40) (48,50) (30,34) (71,73) (65,80)
(63,80) (10,13) (80,86) (49,57) (38,48) (54,57) (56,59) (58,71) (5,6) (33,41) (78,98) (91,112) (46,51) (22,24) (79,82) (23,30) (13,15) (10,12) (35,44) (42,44)
(59,62) (31,33) (36,41) (13,16) (56,60) (6,6) (73,79) (79,90) (49,56) (60,70) (12,12) (87,106) (59,72) (32,37) (69,80) (73,77) (85,92) (25,30) (23,23) (63,68)
(23,26) (77,83) (43,50) (5,6) (85,102) (58,70) (53,66) (17,22) (90,104) (66,80) (56,61) (78,82) (8,8) (16,19) (92,106) (90,114) (45,50) (26,32) (70,79) (67,84)
(8,9) (73,88) (93,97) (9,9) (81,83) (87,96) (39,49) (6,7) (67,82) (80,88) (85,99) (88,95) (75,90) (13,15) (63,76) (20,23) (83,94) (56,60) (91,115) (46,58)
(7,8) (91,112) (72,87) (78,85) (32,37) (27,35) (8,9) (31,34) (60,78) (5,5) (27,28) (87,102) (32,33) (14,15) (51,53) (62,79) (11,12) (96,118) (25,31) (22,22)
(72,85) (72,74) (32,38) (73,73) (19,20) (48,49) (7,8) (73,76) (74,84) (48,56) (5,5) (46,53) (37,40) (72,81) (79,97) (23,24) (80,83) (77,92) (40,47) (25,32)
(50,54) (34,36) (94,110) (43,48) (31,33) (79,89) (57,68) (51,59) (23,28) (18,22) (37,44) (71,83) (72,75) (73,83) (6,7) (83,103) (17,19) (13,13) (88,91) (23,30)
(95,99) (97,104) (33,41) (53,61) (64,81) (53,64) (15,16) (24,30) (2,2) (58,61) (34,44) (14,16) (13,16) (37,46) (81,91) (37,37) (47,59) (27,32) (36,46) (21,24)
(23,29) (22,27) (65,79) (12,16) (94,110) (67,75) (57,60) (78,99) (60,65) (11,13) (99,107) (74,76) (40,43) (22,23) (13,15) (33,36) (72,79) (34,41) (68,88) (27,34)
(86,98) (38,46) (64,69) (65,77) (90,105) (69,73) (46,55) (16,17) (12,13) (92,110) (84,106) (69,84) (19,19) (48,59) (61,73) (63,79) (66,85) (70,91) (86,105) (8,9)
(67,78) (3,4) (11,14) (72,82) (56,70) (55,65) (36,40) (90,110) (63,70) (75,83) (70,75) (27,30) (52,56) (10,12) (82,97) (13,14) (52,56) (14,16) (4,4) (51,57)
(67,73) (58,69) (82,103) (49,53) (89,91) (89,113) (51,53) (55,64) (29,35) (95,121) (52,55) (71,80) (57,69) (45,57) (55,58) (23,27) (27,31) (48,61) (52,55) (45,55)
(95,118) (82,101) (3,3) (61,64) (91,104) (64,79) (65,67) (80,86) (60,76) (40,50) (74,86) (9,11) (56,59) (78,88) (90,112) (66,84) (81,83) (55,72) (86,91) (57,73)
(75,91) (76,91) (23,27) (29,33) (25,29) (43,55) (15,17) (16,18) (93,115) (64,74) (68,79) (22,22) (85,105) (73,87) (71,88) (8,8) (65,70) (90,107) (59,68) (95,120)
(89,95) (46,57) (93,99) (53,64) (76,94) (58,68) (35,37) (1,1) (23,28) (70,83) (45,54) (75,88) (33,40) (92,105) (24,28) (4,4) (89,104) (21,27) (50,54) (52,59)
(57,65) (60,74) (38,45) (22,27) (58,68) (88,93) (52,62) (2,2) (83,101) (72,82) (35,42) (67,82) (98,117) (65,81) (59,62) (76,90) (84,106) (15,16) (94,107) (77,81)
(6,6) (59,71) (98,117) (30,34) (71,74) (56,69) (38,41) (9,11) (80,85) (86,100) (70,76) (6,7) (53,59) (38,41) (39,42) (41,45) (74,84) (37,39) (64,72) (36,41)
(10,13) (81,90) (82,94) (84,88) (33,39) (44,45) (75,96) (13,13) (58,63) (89,95) (16,19) (84,101) (73,79) (52,60) (87,113) (89,94) (12,14) (55,58) (10,12) (97,116)
(25,32) (43,52) (79,92) (44,49) (9,9) (27,31) (68,76) (92,112) (40,43) (19,21) (62,74) (43,45) (62,64) (73,78) (56,68) (79,83) (41,44) (85,108) (88,101) (29,34)
(64,75) (89,89) (60,64) (29,35) (12,13) (63,66) (42,52) (38,40) (87,109) (89,104) (54,61) (62,75) (96,117) (55,55) (38,48) (90,112) (24,27) (33,39) (4,4) (64,76)
(58,66) (96,101) (15,18) (46,52) (69,84) (39,47) (47,53) (15,15) (14,17) (15,17) (39,46) (17,20) (51,59) (41,52) (9,11) (71,86) (6,6) (63,69) (57,65) (13,14)
(19,19) (69,73) (80,81) (47,56) (77,86) (70,76) (28,34) (13,16) (19,24) (26,29) (90,109) (93,99) (98,104) (72,78) (66,73) (20,23) (39,43) (40,41) (95,105) (38,45)
(63,70) (25,26) (71,91) (39,43) (14,15) (94,101) (25,29) (54,60) (9,11) (88,94) (65,77) (97,118) (48,59) (19,22) (84,87) (55,59) (63,72) (65,75) (10,11) (4,4)
(2,2) (87,108) (94,104) (85,103) (72,90) (11,13) (76,89) (55,65) (36,45) (16,21) (61,75) (77,87) (46,57) (75,88) (98,104) (72,74) (30,32) (51,55) (47,49) (76,85)
(43,51) (21,27) (11,14) (98,104) (62,74) (93,120) (90,116) (47,49) (8,10) (56,59) (58,65) (37,40) (68,76) (68,78) (96,104) (56,69) (4,5) (30,32) (73,78) (56,63)
(27,31) (26,30) (46,56) (75,78) (86,89) (81,97) (93,117) (40,47) (87,111) (73,90) (91,97) (42,45) (57,65) (84,94) (58,72) (98,106) (35,44) (49,58) (39,43) (1,1)
(15,17) (68,83) (48,50) (25,27) (59,73) (94,109) (61,77) (76,83) (28,33) (78,87) (83,93) (74,86) (84,94) (18,19) (78,83) (18,20) (83,98) (64,72) (10,12) (78,81)
