# int__atai50_15_08  50 jobs  15 machines
50 15
11 1 2 8 5 13 10 14 4 12 9 6 3 7 0
1 0 3 9 5 4 10 13 2 6 7 12 8 11 14
9 7 4 0 2 1 8 10 3 5 12 14 11 6 13
0 12 3 11 10 2 13 7 14 6 8 4 9 5 1
3 1 9 5 10 8 2 0 13 7 4 6 14 11 12
5 4 10 8 3 13 1 9 6 2 11 14 0 12 7
11 3 9 2 4 13 7 6 10 0 14 12 8 1 5
7 9 0 12 13 1 3 14 4 5 11 6 2 10 8
14 11 2 12 13 4 5 9 7 6 10 0 8 1 3
12 1 14 10 11 2 8 3 13 9 7 0 5 6 4
5 14 2 12 7 3 6 10 1 11 9 4 8 13 0
7 11 1 4 6 2 8 9 13 10 5 14 0 12 3
8 1 3 10 11 7 6 0 13 2 14 4 12 5 9
11 6 12 13 4 1 0 9 8 5 10 2 3 7 14
8 4 3 13 1 2 12 6 9 0 14 5 11 7 10
8 2 5 3 4 12 14 1 9 10 6 13 0 7 11
0 10 4 7 6 14 11 9 2 5 1 13 12 8 3
1 8 6 2 9 4 13 11 10 3 14 7 5 0 12
12 5 11 2 7 3 14 1 8 4 13 9 6 10 0
14 8 4 5 0 2 11 9 1 6 13 10 3 7 12
3 4 13 11 7 12 6 9 14 5 8 1 0 10 2
7 8 14 5 2 0 1 9 10 12 6 4 13 3 11
6 11 14 7 12 9 8 0 1 2 4 13 3 10 5
9 2 3 14 8 1 10 4 13 11 6 5 7 12 0
2 11 1 9 0 4 12 5 8 6 7 13 3 10 14
1 11 8 0 12 3 10 14 7 13 2 4 6 5 9
5 3 11 12 14 2 10 8 13 6 9 0 4 1 7
7 8 2 5 13 4 9 6 14 10 12 0 3 11 1
2 0 11 5 7 12 10 13 9 6 1 8 4 3 14
7 11 9 0 6 8 4 12 2 3 14 5 1 13 10
14 2 8 10 7 4 3 1 9 0 11 5 13 12 6
6 8 7 11 4 2 3 1 10 13 9 5 0 14 12
13 2 1 14 6 0 12 11 4 10 5 7 3 9 8
0 3 14 7 9 2 10 4 11 6 8 1 5 12 13
4 3 11 13 7 5 0 8 6 12 2 1 14 10 9
7 13 4 8 12 14 10 11 0 5 2 9 1 3 6
12 10 4 1 8 5 9 2 11 0 14 6 3 7 13
0 5 4 14 13 1 2 10 9 8 12 6 11 7 3
2 11 9 1 7 14 0 5 12 3 6 13 4 8 10
12 3 10 6 9 0 2 11 7 14 8 4 1 13 5
5 10 12 0 8 7 6 9 11 1 2 4 14 3 13
6 13 7 9 3 1 14 4 11 12 2 10 5 8 0
4 8 9 7 6 2 5 13 3 11 10 0 14 12 1
1 7 8 2 12 9 11 4 14 10 3 6 5 0 13
7 4 8 10 3 13 2 12 0 1 9 14 5 6 11
2 14 12 7 4 13 5 9 0 3 1 8 10 6 11
7 2 11 13 8 10 4 12 9 0 3 5 14 1 6
9 14 1 2 12 11 4 7 5 10 0 3 6 13 8
12 0 10 4 8 9 7 11 3 2 5 1 14 6 13
11 3 5 10 1 6 14 13 12 0 4 2 8 9 7
(85,94) (13,14) (65,75) (19,21) (73,91) (78,85) (41,46) (10,12) (48,52) (29,33) (29,37) (50,60) (50,63) (18,23) (24,27)
(18,20) (73,80) (75,96) (70,91) (74,85) (85,102) (61,73) (49,60) (60,67) (95,107) (37,47) (94,101) (33,37) (32,42) (44,53)
(28,33) (79,91) (63,65) (15,18) (74,84) (26,31) (98,98) (36,41) (56,67) (79,100) (55,58) (53,63) (53,57) (35,36) (15,18)
(71,73) (73,85) (65,83) (57,59) (14,17) (59,68) (6,6) (68,79) (87,107) (64,76) (62,74) (94,100) (93,115) (55,57) (15,19)
(21,21) (75,81) (3,3) (74,92) (10,11) (45,52) (94,99) (12,14) (55,61) (89,99) (42,45) (67,82) (65,71) (73,93) (93,104)
(29,34) (20,21) (80,98) (15,19) (74,82) (43,49) (95,111) (69,82) (53,63) (38,41) (73,91) (81,98) (54,62) (92,100) (65,73)
(77,82) (51,59) (36,39) (83,92) (33,36) (68,82) (51,59) (11,14) (2,2) (7,7) (77,90) (35,40) (76,79) (87,98) (19,19)
(27,31) (76,91) (59,62) (17,21) (36,40) (65,74) (65,71) (6,7) (58,63) (89,104) (47,50) (63,69) (26,27) (56,65) (44,53)
(18,20) (4,5) (65,70) (51,59) (59,67) (16,18) (71,81) (20,21) (81,105) (91,112) (36,46) (20,23) (93,97) (62,75) (8,9)
(45,46) (83,101) (50,63) (49,55) (75,96) (36,43) (57,75) (2,2) (49,51) (65,80) (70,73) (67,81) (91,102) (70,74) (23,26)
(31,35) (6,6) (40,48) (71,74) (55,65) (38,45) (54,69) (82,91) (92,116) (84,106) (46,57) (38,39) (4,4) (69,76) (90,113)
(78,101) (48,57) (38,47) (57,68) (16,17) (7,7) (13,13) (17,22) (93,105) (81,98) (52,61) (67,72) (94,97) (72,79) (87,106)
(70,83) (63,73) (45,49) (26,32) (79,99) (71,80) (68,89) (87,91) (14,16) (34,36) (84,106) (22,28) (51,59) (70,76) (76,83)
(46,57) (67,79) (24,24) (19,22) (37,42) (52,60) (79,91) (32,38) (52,60) (45,54) (13,14) (27,29) (77,92) (42,52) (83,98)
(45,50) (87,96) (37,46) (73,88) (56,63) (76,79) (20,25) (8,10) (51,57) (51,61) (12,14) (79,82) (71,75) (75,88) (96,111)
(12,13) (10,12) (96,103) (14,15) (53,63) (47,53) (90,100) (10,11) (28,34) (41,46) (12,14) (84,100) (15,17) (20,25) (24,30)
(43,50) (45,47) (76,87) (13,16) (46,59) (76,85) (65,75) (71,74) (86,103) (62,67) (20,26) (56,65) (74,90) (84,96) (10,10)
(31,33) (71,81) (67,71) (29,34) (88,106) (61,67) (32,40) (37,46) (42,45) (82,91) (69,76) (68,72) (76,87) (14,15) (79,86)
(6,7) (27,28) (76,86) (57,61) (77,79) (96,112) (27,27) (26,30) (59,74) (11,13) (19,25) (64,76) (92,113) (53,56) (47,53)
(55,59) (45,55) (84,97) (81,97) (87,112) (4,4) (60,74) (23,24) (55,69) (98,109) (68,70) (5,5) (30,32) (82,92) (30,36)
(24,29) (42,51) (48,53) (79,86) (39,40) (56,62) (87,90) (80,84) (8,10) (97,116) (28,31) (8,10) (39,49) (61,78) (56,70)
(74,80) (52,54) (1,1) (98,123) (37,48) (80,94) (56,59) (91,94) (40,43) (88,98) (61,69) (23,28) (31,36) (29,33) (47,50)
(40,43) (38,47) (60,64) (39,48) (39,41) (45,50) (14,16) (26,30) (8,9) (29,29) (88,100) (91,101) (71,75) (95,120) (16,17)
(14,16) (28,31) (10,12) (6,6) (27,28) (56,61) (51,60) (62,77) (54,60) (96,115) (31,38) (31,38) (20,21) (61,68) (64,77)
(6,7) (12,16) (31,37) (85,91) (89,113) (20,23) (77,83) (60,72) (29,35) (93,117) (66,73) (56,74) (2,2) (80,101) (19,22)
(35,40) (34,40) (69,82) (33,40) (57,64) (62,67) (88,105) (92,108) (55,57) (26,28) (47,50) (92,98) (26,32) (38,46) (43,53)
(19,20) (13,16) (53,57) (66,81) (55,63) (31,33) (76,98) (29,32) (48,50) (73,91) (77,93) (25,26) (69,83) (9,10) (51,58)
(37,41) (91,101) (56,69) (11,12) (41,46) (66,83) (3,3) (6,6) (3,3) (53,57) (93,120) (80,92) (20,23) (60,74) (92,108)
(76,80) (15,15) (43,51) (87,99) (93,98) (36,46) (86,110) (21,23) (41,49) (40,50) (14,18) (24,27) (94,110) (33,42) (26,34)
(70,76) (66,77) (77,92) (7,8) (70,75) (6,7) (31,33) (15,16) (28,32) (6,7) (53,66) (71,88) (65,71) (28,34) (35,39)
(43,45) (86,98) (26,29) (75,82) (62,75) (34,35) (4,4) (55,70) (42,46) (94,102) (60,69) (47,57) (44,46) (72,89) (38,38)
(88,102) (75,90) (88,103) (42,53) (19,22) (83,90) (49,54) (68,82) (88,106) (7,8) (93,120) (67,74) (95,117) (91,102) (57,62)
(78,93) (77,82) (21,22) (51,56) (70,88) (24,25) (13,15) (7,7) (84,92) (26,28) (79,102) (70,86) (73,76) (38,48) (58,61)
(74,91) (19,22) (9,10) (57,62) (19,19) (86,88) (59,67) (47,50) (85,93) (48,61) (7,8) (19,23) (14,16) (50,56) (96,102)
(4,4) (84,94) (56,57) (83,95) (48,50) (15,19) (46,47) (90,107) (85,103) (39,43) (21,22) (1,1) (68,72) (4,5) (81,96)
(38,44) (81,97) (97,109) (92,98) (22,24) (47,54) (27,30) (26,28) (21,23) (54,55) (77,84) (10,12) (87,92) (86,107) (73,81)
(66,70) (76,91) (57,72) (96,111) (75,85) (12,14) (4,4) (58,63) (23,28) (83,107) (45,50) (89,107) (16,18) (29,36) (79,82)
(21,23) (5,5) (28,32) (17,20) (45,54) (88,94) (10,11) (87,108) (79,84) (52,63) (40,45) (95,119) (27,30) (12,13) (25,27)
(89,97) (18,21) (80,97) (58,61) (60,62) (7,8) (87,90) (17,20) (78,94) (66,83) (73,77) (12,13) (70,81) (59,74) (28,32)
(20,22) (20,21) (87,102) (37,42) (87,92) (47,52) (42,49) (25,28) (86,98) (78,82) (10,12) (14,17) (48,59) (44,46) (58,65)
(85,98) (2,2) (19,23) (17,20) (48,55) (45,46) (6,7) (42,46) (16,18) (50,58) (71,79) (80,95) (72,78) (63,76) (15,19)
(45,53) (97,115) (32,32) (35,37) (78,87) (96,103) (41,44) (14,17) (34,41) (91,94) (54,64) (94,113) (59,63) (73,75) (29,34)
(43,54) (8,10) (51,66) (43,55) (70,74) (64,74) (87,106) (4,5) (35,36) (9,10) (29,32) (55,69) (66,82) (66,75) (86,92)
(60,68) (30,35) (14,16) (43,46) (20,25) (57,66) (82,85) (84,102) (88,99) (32,35) (37,41) (67,86) (62,76) (82,94) (56,63)
(68,88) (98,102) (74,79) (82,95) (88,91) (9,11) (49,50) (37,44) (73,94) (85,99) (96,112) (18,19) (66,76) (51,62) (24,29)
(3,3) (56,65) (73,86) (93,113) (6,7) (31,38) (77,91) (82,91) (94,113) (85,107) (64,69) (35,35) (67,70) (17,19) (18,22)
(66,72) (68,83) (80,98) (63,77) (51,63) (65,71) (43,53) (1,1) (63,74) (26,33) (10,11) (21,25) (50,51) (13,16) (74,78)
(55,64) (75,91) (39,49) (79,85) (72,87) (89,96) (17,20) (71,85) (10,12) (12,14) (48,58) (5,5) (3,3) (13,15) (33,33)
(25,26) (85,103) (31,34) (30,36) (13,15) (56,69) (31,35) (59,69) (40,50) (55,61) (43,51) (13,14) (51,59) (32,34) (62,72)
(8,9) (94,118) (44,53) (37,38) (6,7) (90,117) (86,102) (46,57) (42,42) (69,88) (89,98) (91,100) (37,44) (94,106) (54,57)
