# int__atai30_20_08  30 jobs  20 machines
30 20
6 5 15 8 13 2 10 17 11 0 9 1 19 4 16 3 12 7 18 14
2 13 11 4 18 12 16 17 19 14 5 3 1 7 9 6 15 0 8 10
18 16 14 13 0 7 1 19 3 12 15 6 5 2 8 9 4 10 17 11
9 10 5 14 18 2 8 11 12 3 4 1 6 19 13 7 0 16 15 17
8 3 7 9 5 1 17 4 14 15 13 12 16 10 11 0 19 6 2 18
6 8 9 2 13 14 1 3 15 19 4 0 18 10 12 17 5 16 11 7
16 7 12 2 13 6 5 8 3 18 9 15 17 11 14 0 19 10 1 4
9 5 2 8 10 13 4 1 11 17 19 3 14 16 0 7 15 18 12 6
16 4 15 1 11 8 3 6 9 17 0 18 10 2 12 13 19 5 14 7
3 14 15 17 8 10 6 19 0 18 9 1 16 5 4 13 11 12 7 2
2 15 4 16 7 8 1 6 18 19 10 14 5 3 17 13 0 11 12 9
13 11 5 9 17 6 7 16 0 8 15 10 18 1 2 19 4 3 14 12
16 7 13 12 2 19 10 14 15 17 5 1 4 11 0 18 3 9 6 8
2 0 19 8 18 10 17 3 13 6 14 16 12 7 4 1 11 15 5 9
5 1 14 9 8 3 11 10 0 7 13 12 2 16 19 17 4 15 18 6
17 16 4 0 15 5 3 14 12 2 10 18 8 6 1 19 11 13 9 7
10 4 3 1 17 0 5 8 7 12 19 13 15 9 14 2 16 11 6 18
3 16 15 5 13 11 19 12 8 6 18 7 17 10 0 1 14 2 4 9
14 0 11 5 4 12 18 8 10 13 16 7 6 1 3 9 15 17 2 19
7 4 11 2 15 14 5 19 16 1 9 13 3 8 10 12 0 6 17 18
8 6 10 15 5 3 18 1 17 9 19 4 16 13 0 7 11 14 2 12
10 17 6 8 7 19 2 0 3 5 4 1 14 16 9 18 12 11 15 13
7 0 14 9 1 6 11 10 2 17 15 5 19 8 18 12 4 13 16 3
18 15 16 10 12 6 2 1 17 5 13 4 7 8 9 19 11 3 0 14
0 6 12 4 8 1 5 17 15 2 7 9 11 13 16 3 10 18 14 19
18 9 6 4 11 19 8 10 3 0 13 15 12 2 16 5 17 7 1 14
5 10 1 14 11 18 16 7 9 13 17 15 2 12 6 3 8 4 0 19
5 6 8 3 15 19 4 2 16 14 13 10 1 7 18 9 0 11 12 17
18 8 1 14 4 6 15 10 7 13 17 5 11 16 3 12 2 0 9 19
6 13 5 8 2 18 17 19 14 10 7 15 0 9 11 4 1 3 16 12
(58,66) (74,95) (70,85) (46,52) (98,111) (7,8) (11,13) (75,91) (27,28) (21,23) (31,33) (67,74) (9,10) (17,19) (32,34) (17,18) (38,43) (73,85) (15,18) (79,83)
(16,18) (25,31) (8,10) (39,47) (46,50) (85,89) (37,45) (58,74) (26,29) (76,87) (80,95) (7,8) (16,19) (87,109) (65,74) (39,43) (3,3) (46,53) (33,37) (55,63)
(85,106) (14,14) (48,52) (86,99) (87,91) (28,34) (47,55) (65,68) (12,13) (67,80) (65,70) (57,59) (65,82) (87,109) (31,33) (87,98) (2,2) (60,71) (68,86) (73,88)
(10,12) (72,90) (56,65) (86,97) (75,96) (79,97) (66,84) (41,52) (12,14) (74,79) (75,80) (72,85) (1,1) (16,17) (34,34) (60,70) (66,82) (69,79) (75,83) (80,102)
(92,117) (24,24) (84,90) (61,65) (66,73) (4,5) (27,28) (8,9) (13,13) (12,13) (42,50) (63,64) (6,6) (50,57) (35,39) (45,50) (71,87) (78,90) (42,47) (4,5)
(80,90) (97,115) (33,39) (4,4) (87,111) (82,89) (74,82) (51,53) (11,14) (72,79) (35,42) (4,5) (17,21) (87,104) (96,107) (16,17) (6,7) (4,4) (74,82) (95,121)
(36,44) (42,53) (79,87) (69,78) (12,15) (65,81) (51,61) (65,70) (4,4) (13,17) (31,37) (90,111) (68,86) (83,99) (4,5) (54,66) (7,8) (8,9) (87,100) (77,92)
(33,38) (31,33) (53,67) (66,80) (17,22) (74,82) (31,33) (27,31) (7,8) (74,78) (76,94) (23,29) (89,113) (4,5) (71,72) (83,96) (49,51) (44,52) (24,27) (6,6)
(6,7) (92,109) (66,74) (22,25) (81,98) (73,81) (12,12) (78,96) (77,96) (14,16) (46,51) (90,98) (49,62) (18,21) (72,81) (47,58) (66,84) (43,53) (12,14) (30,37)
(79,85) (18,19) (77,90) (12,15) (34,38) (94,105) (65,80) (12,13) (1,1) (14,15) (55,59) (92,104) (53,64) (72,78) (9,9) (49,58) (82,93) (68,75) (23,24) (74,77)
(78,92) (19,21) (73,85) (42,51) (87,95) (97,112) (45,54) (75,82) (64,79) (79,100) (90,97) (6,6) (57,72) (93,114) (84,98) (38,44) (31,36) (88,108) (77,85) (29,37)
(72,80) (51,55) (30,33) (1,1) (18,23) (17,18) (37,41) (75,87) (45,49) (72,82) (82,83) (84,103) (27,33) (45,54) (11,14) (36,40) (96,115) (87,107) (25,28) (50,55)
(56,71) (59,74) (55,59) (20,24) (90,109) (1,1) (30,31) (60,74) (85,95) (10,12) (38,48) (34,39) (15,15) (83,92) (19,24) (42,53) (37,46) (9,10) (37,45) (27,29)
(25,31) (2,2) (78,82) (62,75) (9,10) (45,51) (27,32) (75,93) (64,77) (73,92) (15,18) (67,83) (49,59) (81,94) (31,34) (84,103) (42,49) (22,27) (46,53) (44,55)
(61,75) (7,8) (75,88) (69,75) (80,98) (8,9) (62,66) (26,32) (81,98) (74,90) (55,70) (7,8) (84,103) (62,77) (5,5) (31,33) (25,26) (52,55) (42,45) (72,87)
(12,14) (46,51) (70,77) (51,61) (48,50) (45,51) (36,43) (69,73) (39,40) (75,94) (91,101) (82,100) (48,54) (41,48) (86,97) (2,2) (10,12) (56,61) (79,92) (39,41)
(83,95) (34,43) (94,113) (10,11) (21,22) (52,62) (49,64) (95,107) (60,77) (81,90) (48,53) (10,10) (28,33) (65,77) (57,72) (5,5) (41,50) (14,17) (84,88) (45,53)
(9,11) (39,49) (20,21) (37,42) (80,91) (27,35) (90,107) (65,81) (18,23) (24,28) (12,14) (61,78) (66,74) (17,19) (73,76) (94,116) (90,112) (89,111) (16,19) (34,35)
(67,85) (77,86) (20,22) (95,110) (22,26) (8,10) (42,48) (34,37) (35,35) (83,103) (39,43) (5,6) (86,91) (16,19) (28,31) (89,101) (44,51) (52,57) (20,25) (79,87)
(79,101) (96,105) (5,5) (35,40) (39,47) (58,65) (8,9) (57,64) (74,93) (17,20) (32,33) (34,41) (64,66) (25,30) (10,10) (34,43) (86,97) (48,51) (79,84) (35,35)
(74,91) (41,44) (86,87) (21,24) (38,46) (44,54) (25,27) (63,66) (63,78) (67,84) (32,41) (38,43) (71,78) (74,83) (8,9) (25,27) (25,30) (13,15) (71,82) (96,112)
(25,26) (46,51) (60,63) (71,77) (39,46) (25,31) (40,47) (5,6) (2,2) (64,77) (1,1) (76,93) (13,15) (41,43) (31,31) (43,52) (7,7) (20,25) (91,118) (72,90)
(50,57) (77,91) (72,75) (52,65) (65,71) (45,52) (92,115) (29,35) (3,4) (30,36) (8,10) (26,31) (59,73) (50,59) (35,39) (56,69) (57,60) (88,96) (87,100) (35,36)
(25,30) (79,98) (68,85) (61,78) (57,63) (42,47) (68,73) (96,112) (85,92) (77,95) (14,16) (23,23) (72,83) (7,8) (69,75) (97,99) (63,71) (46,57) (10,11) (70,73)
(20,24) (53,64) (83,92) (10,11) (16,17) (59,74) (91,97) (81,89) (53,62) (67,76) (60,72) (33,40) (77,83) (63,82) (98,117) (37,42) (14,16) (62,69) (51,60) (53,61)
(3,3) (26,27) (8,9) (41,45) (69,74) (17,19) (54,67) (31,34) (29,32) (88,95) (58,63) (78,86) (23,26) (22,28) (43,52) (29,30) (73,86) (28,35) (29,37) (61,65)
(66,77) (66,71) (85,99) (75,78) (79,79) (35,40) (6,7) (34,35) (61,70) (3,3) (65,76) (51,55) (64,73) (69,71) (62,71) (88,95) (92,112) (11,13) (27,28) (49,51)
(52,62) (50,64) (16,19) (38,48) (55,64) (49,62) (48,56) (67,76) (58,69) (66,75) (56,62) (72,85) (85,105) (80,100) (80,87) (65,78) (39,42) (86,110) (51,54) (3,3)
(65,79) (42,45) (60,73) (24,27) (68,70) (46,55) (65,71) (67,80) (59,73) (49,62) (73,76) (24,26) (53,62) (67,76) (69,83) (33,37) (60,69) (18,19) (35,44) (74,79)
(7,9) (25,26) (78,79) (62,65) (16,16) (3,3) (70,75) (61,72) (40,46) (43,45) (72,91) (77,80) (9,10) (59,66) (62,68) (12,12) (46,54) (66,82) (34,37) (5,5)
