# int__atai20_15_03  20 jobs  15 machines
20 15
12 11 8 9 7 13 0 10 2 4 5 6 3 14 1
2 5 0 10 4 1 13 11 3 14 6 8 9 12 7
3 2 6 9 5 12 0 13 7 10 14 1 4 8 11
9 14 5 7 13 10 12 2 3 8 1 6 11 0 4
3 8 6 1 13 0 9 5 14 2 12 7 4 11 10
3 8 13 11 12 1 4 14 6 5 9 0 7 10 2
11 2 0 6 4 1 5 12 9 7 3 8 13 10 14
12 3 4 11 8 1 5 0 13 6 10 9 2 14 7
5 8 7 0 12 13 1 6 4 14 10 9 3 2 11
6 3 9 8 2 1 12 7 5 14 0 4 11 13 10
6 0 4 14 8 13 12 11 10 1 9 7 5 3 2
0 6 4 3 8 2 11 1 9 5 13 12 10 14 7
2 9 5 12 3 14 4 13 11 7 1 10 8 6 0
11 7 10 4 8 14 6 3 9 5 1 13 2 12 0
8 13 10 12 0 9 2 6 11 1 3 14 5 7 4
14 7 11 6 10 9 2 0 1 12 8 3 4 13 5
8 13 7 9 11 12 5 4 2 3 14 6 0 10 1
8 14 5 11 1 0 7 3 12 2 9 10 13 6 4
8 6 1 11 7 12 14 10 0 9 3 4 5 13 2
13 1 4 0 5 7 3 6 12 8 11 2 10 14 9
(88,106) (16,21) (4,4) (61,79) (65,74) (29,32) (84,108) (78,81) (91,102) (14,15) (16,21) (22,26) (1,1) (82,102) (41,45)
(74,83) (75,92) (9,11) (75,83) (24,24) (8,10) (62,68) (6,6) (12,13) (13,13) (71,79) (75,86) (94,101) (8,9) (6,7)
(89,102) (3,3) (12,13) (27,33) (56,65) (63,76) (97,121) (31,37) (7,7) (76,93) (95,108) (29,37) (53,56) (22,23) (85,90)
(19,21) (43,51) (65,81) (23,24) (30,34) (30,30) (47,51) (31,33) (75,84) (30,35) (3,3) (25,27) (9,10) (2,2) (21,23)
(82,87) (60,68) (35,38) (42,48) (36,40) (15,18) (95,112) (83,88) (49,60) (26,28) (12,14) (74,82) (40,46) (2,2) (94,101)
(82,85) (53,62) (2,2) (64,73) (50,62) (95,121) (77,97) (8,8) (22,24) (58,66) (91,115) (51,61) (83,99) (64,67) (13,15)
(62,67) (92,108) (4,5) (12,15) (95,115) (25,30) (31,37) (19,24) (93,101) (27,31) (61,75) (2,2) (22,23) (14,17) (61,67)
(55,61) (95,101) (54,65) (27,28) (1,1) (95,115) (27,30) (38,41) (40,47) (89,97) (76,86) (62,72) (62,64) (79,89) (6,7)
(61,70) (98,114) (63,73) (36,40) (87,92) (94,96) (85,106) (13,15) (70,74) (27,31) (56,62) (97,117) (11,11) (8,9) (92,112)
(17,20) (68,82) (77,88) (32,36) (83,104) (80,86) (44,49) (14,16) (84,103) (2,2) (59,73) (72,82) (27,32) (63,65) (65,72)
(46,51) (42,49) (60,69) (17,18) (64,75) (5,6) (93,101) (46,51) (9,11) (19,22) (10,11) (11,13) (84,95) (90,96) (63,75)
(65,70) (89,94) (8,8) (35,38) (97,109) (87,100) (16,16) (85,109) (17,17) (98,108) (85,88) (8,10) (39,49) (33,37) (36,39)
(97,111) (2,2) (21,22) (12,14) (13,14) (60,72) (29,32) (43,51) (25,27) (53,69) (10,12) (44,44) (25,27) (38,45) (63,67)
(34,39) (59,73) (51,60) (81,104) (30,33) (2,2) (49,52) (68,77) (63,79) (53,64) (44,52) (36,38) (86,98) (67,71) (36,44)
(70,78) (39,44) (16,17) (20,22) (50,50) (10,11) (45,46) (2,2) (47,54) (16,18) (56,71) (35,41) (12,14) (29,34) (78,102)
(74,90) (40,43) (21,26) (88,93) (46,51) (6,6) (87,95) (74,82) (76,92) (49,53) (49,55) (79,87) (69,85) (65,68) (19,21)
(47,59) (5,6) (57,70) (40,49) (72,82) (69,84) (82,86) (47,50) (24,26) (82,94) (75,83) (25,31) (51,63) (31,34) (15,17)
(11,12) (18,22) (6,7) (57,67) (82,85) (61,79) (83,91) (21,26) (50,63) (49,60) (29,32) (54,60) (30,35) (24,27) (31,38)
(79,96) (40,52) (11,11) (62,64) (43,54) (87,92) (8,9) (35,43) (69,82) (66,68) (72,77) (55,62) (42,53) (85,97) (34,38)
(19,19) (51,56) (79,91) (89,91) (21,23) (32,37) (54,69) (86,101) (49,56) (27,31) (15,17) (26,29) (72,88) (81,98) (78,80)
