# int__atai30_15_10  30 jobs  15 machines
30 15
5 11 1 9 6 4 13 3 7 10 12 14 2 8 0
11 8 4 9 1 2 12 5 10 13 6 7 14 0 3
9 2 0 13 10 6 11 3 8 14 12 5 7 4 1
12 1 13 5 14 0 8 11 7 3 4 6 2 10 9
5 10 12 8 7 2 14 9 13 4 11 0 6 1 3
4 11 2 14 12 5 10 8 1 6 9 0 13 3 7
2 3 0 6 14 11 7 5 4 12 13 8 9 1 10
14 5 6 8 9 10 1 2 4 7 11 3 13 12 0
13 2 10 0 6 9 8 7 4 14 5 1 3 11 12
6 1 14 10 7 2 4 11 0 13 9 8 3 5 12
4 6 7 13 11 8 10 5 3 0 9 2 14 12 1
5 13 9 2 0 12 14 7 1 10 3 6 11 8 4
12 6 2 0 10 3 11 4 14 5 7 9 13 8 1
3 12 4 10 8 7 5 1 6 11 9 14 13 2 0
10 6 11 5 13 3 1 12 0 14 8 2 7 9 4
10 13 1 4 11 5 6 7 14 3 8 2 0 12 9
2 6 5 13 4 10 14 7 0 8 3 12 11 9 1
14 13 2 1 4 9 11 0 3 12 8 7 6 5 10
7 0 3 8 2 4 10 1 13 5 6 12 14 11 9
0 1 11 14 5 2 9 13 8 4 6 10 12 3 7
12 11 13 10 14 4 8 1 9 3 7 5 0 6 2
10 0 1 4 14 13 7 9 2 3 11 12 8 5 6
0 11 8 5 6 9 14 4 2 13 10 7 12 1 3
12 5 1 7 13 4 8 11 0 10 6 14 9 2 3
5 8 3 4 13 9 12 10 1 7 0 11 2 6 14
0 14 3 12 6 10 8 7 9 13 2 1 5 4 11
8 4 14 7 2 13 11 12 0 5 6 3 9 10 1
12 2 0 3 5 13 14 1 11 4 8 7 9 6 10
10 3 2 13 8 6 11 9 0 1 4 7 5 14 12
5 10 11 4 0 2 3 9 13 8 12 7 6 14 1
(73,91) (4,4) (93,109) (1,1) (50,59) (91,110) (75,93) (46,51) (35,40) (68,80) (20,23) (20,23) (76,83) (77,100) (61,76)
(69,82) (85,99) (3,3) (44,46) (13,16) (56,63) (26,31) (62,65) (36,45) (88,97) (73,83) (59,60) (73,74) (36,42) (63,65)
(57,68) (72,84) (34,37) (71,81) (48,56) (1,1) (92,94) (5,6) (39,43) (2,2) (92,117) (27,34) (36,44) (76,82) (86,104)
(92,109) (71,90) (23,25) (75,95) (47,49) (24,30) (28,34) (87,88) (67,77) (47,52) (28,29) (64,71) (4,5) (41,48) (3,3)
(27,31) (26,30) (70,72) (79,90) (35,37) (92,113) (94,117) (45,49) (10,11) (53,55) (86,108) (64,69) (53,58) (25,29) (60,68)
(40,46) (35,45) (5,6) (78,92) (61,74) (94,110) (24,31) (85,102) (82,99) (55,59) (25,30) (29,32) (98,121) (74,93) (39,50)
(86,104) (15,16) (88,98) (83,91) (51,63) (58,71) (21,26) (40,45) (45,53) (58,63) (53,62) (84,103) (22,27) (93,98) (1,1)
(50,57) (73,92) (2,2) (84,88) (18,22) (84,99) (20,21) (87,106) (24,25) (41,48) (87,100) (19,22) (28,29) (19,24) (49,62)
(10,12) (95,119) (90,97) (91,105) (74,88) (61,75) (44,53) (8,9) (67,84) (76,95) (50,55) (72,77) (42,53) (10,12) (85,94)
(72,83) (75,93) (27,28) (26,28) (80,95) (88,98) (84,95) (73,90) (37,37) (43,46) (52,64) (68,88) (45,52) (99,99) (68,86)
(47,49) (8,8) (95,107) (85,97) (11,12) (16,18) (23,25) (10,10) (10,10) (12,14) (36,37) (38,39) (37,41) (75,84) (88,109)
(60,76) (94,98) (65,77) (14,17) (57,61) (2,2) (51,59) (35,42) (56,69) (52,64) (95,109) (57,68) (50,53) (87,107) (56,72)
(52,62) (6,6) (62,72) (67,71) (52,59) (65,71) (15,15) (82,87) (79,86) (73,84) (83,98) (55,60) (22,25) (86,95) (35,41)
(71,91) (63,67) (54,64) (92,114) (12,14) (66,73) (4,5) (7,8) (12,14) (82,96) (5,6) (22,23) (15,18) (2,2) (37,43)
(58,71) (47,60) (28,32) (66,86) (76,81) (55,68) (26,32) (59,73) (57,68) (22,25) (28,29) (41,51) (57,61) (20,22) (82,106)
(80,83) (24,27) (54,67) (95,108) (2,2) (94,112) (37,39) (43,53) (15,16) (50,58) (52,56) (63,71) (61,75) (23,26) (28,34)
(20,23) (24,26) (68,77) (6,7) (3,3) (5,6) (71,83) (24,26) (56,72) (35,44) (90,99) (22,26) (59,71) (36,40) (32,33)
(58,72) (19,23) (21,25) (21,24) (21,24) (67,84) (95,121) (12,13) (29,30) (94,117) (27,31) (8,9) (7,8) (50,58) (65,79)
(75,92) (3,4) (11,13) (23,24) (54,70) (29,37) (77,83) (63,77) (51,52) (67,78) (3,3) (96,112) (90,114) (53,67) (15,17)
(1,1) (21,22) (97,102) (34,36) (47,50) (14,15) (9,9) (65,70) (82,106) (41,47) (13,16) (48,49) (7,8) (64,70) (53,62)
(42,46) (92,96) (32,33) (27,30) (23,24) (30,37) (10,10) (15,18) (50,52) (66,74) (7,8) (50,54) (77,88) (73,80) (85,108)
(71,76) (2,2) (75,89) (25,32) (49,57) (91,112) (93,112) (34,41) (64,80) (42,47) (17,19) (26,29) (60,64) (72,91) (54,62)
(78,81) (55,65) (21,27) (37,47) (26,30) (38,43) (13,17) (54,67) (63,70) (97,103) (27,29) (94,103) (7,8) (88,111) (69,82)
(2,2) (3,3) (33,34) (72,84) (67,83) (56,68) (96,101) (78,96) (84,98) (91,95) (95,110) (39,49) (36,39) (12,14) (12,15)
(46,47) (22,28) (48,54) (68,73) (70,77) (9,11) (93,99) (43,45) (1,1) (26,27) (89,112) (53,63) (24,29) (73,80) (44,46)
(80,87) (83,97) (6,7) (60,61) (39,43) (72,81) (1,1) (8,10) (17,17) (58,68) (40,47) (16,20) (20,21) (20,25) (6,6)
(27,34) (57,61) (61,67) (96,116) (50,59) (57,67) (48,55) (79,88) (10,13) (47,58) (23,29) (55,67) (42,44) (32,35) (22,23)
(75,90) (82,102) (74,93) (92,103) (64,77) (15,17) (22,25) (55,63) (4,4) (49,58) (22,27) (39,49) (63,77) (93,103) (20,22)
(14,15) (32,37) (16,17) (14,16) (23,27) (1,1) (19,22) (92,117) (72,82) (35,41) (92,109) (73,88) (13,14) (75,79) (46,53)
(32,36) (85,91) (89,100) (48,59) (57,62) (32,37) (91,111) (61,66) (11,12) (13,14) (41,53) (98,103) (31,36) (55,70) (62,75)
